0.0695153 0.0746415 0.542488
0.0366228 0.0292028 0.983546
0.0378809 0.0464036 0.840185
-0.0285908 0.0166692 32.6355
-0.0512988 0.00534974 34.3354
-0.000307833 0.0185735 28.7603
0.769737 -0.0352556 -83.9886
-0.0927339 0.103942 13.8271
0.213104 0.193045 -31.4003
0.01856 -0.00188491 86.6343
0.00495617 0.000820955 89.0478
0.00145847 0.00435078 89.6728
0.00448063 0.00634223 88.9425
0.0167771 0.0180419 85.8643
0.0255849 0.0102246 83.7713
0.0165669 0.0106416 86.2527
0.00565909 0.00399959 89.4313
0.000705689 0.000451867 90.9893
0.000395755 0.000989887 91.0818
0.000379144 -0.000237706 91.1101
-0.000179463 -0.000135155 91.3115
-0.000668424 0.000176925 91.4984
-0.000797683 0.00331194 91.5054
0.000409421 0.00165847 91.029
-0.00108096 0.00184679 91.6851
0.00206607 0.00974086 90.1123
0.00155101 0.0139721 90.2614
0.00488383 0.0102346 88.6295
0.00145222 0.00180702 90.4692
0.00020432 0.000889072 91.1255
-0.00209794 0.00398552 92.3408
0.000836296 0.00149401 90.7391
0.00219936 2.18557e-05 89.953
0.00678433 0.000756262 87.2103
0.00802639 0.00869446 86.3717
0.0107568 -0.00146657 84.7636
0.229601 0.0375487 0.393305
0.0562998 -0.00149418 28.694
0.000647983 0.00491564 31.1653
-0.010152 0.0192758 31.4549
-0.0246767 0.0389261 31.7627
0.00449617 0.0537168 28.3832
0.707682 -0.0301688 -76.9603
1.04779 1.32377 -149.882
0.32 0.150269 -47.5358
0.0234809 -0.0114468 86.0703
0.00749258 0.0023539 88.5176
0.00684958 0.00640023 88.4686
0.0191732 0.0190827 85.3572
0.0206681 0.032668 84.6805
0.0180729 0.0221445 85.6216
0.00630535 0.00657505 89.253
0.000717319 0.00207906 90.9628
-5.09018e-05 0.00132042 91.1906
0.000282671 0.000743617 91.1136
0.000177715 0.0003748 91.1527
7.11279e-05 0.000444529 91.1964
-0.000143564 0.000532264 91.2703
-4.98862e-05 0.00121685 91.2162
0.000190806 0.00104856 91.1184
0.000260294 0.000971818 91.0978
0.000294559 0.00239135 91.0457
0.000139928 0.00301577 91.1008
0.000234599 0.00239222 91.0672
6.74922e-05 0.000418595 91.2037
-4.59044e-05 0.000110081 91.2708
-0.000223532 0.000653995 91.3526
-3.83821e-05 0.000616908 91.2464
0.000682506 0.00133874 90.7982
0.00363332 0.00040025 89.0462
0.00886147 6.01312e-05 85.8503
0.0149558 0.00379745 81.9605
0.293191 0.0113053 2.00972
0.279651 0.0210509 0.672334
0.0184197 0.00197148 30.3488
0.0036192 0.00572659 30.9323
-0.0275569 0.0368128 32.0329
0.505125 0.124092 -22.2925
0.517959 0.16699 -24.111
0.16175 0.372692 11.4672
-0.0150222 -0.0321425 93.4876
0.049286 -0.00558391 81.0883
0.0197451 0.0108368 85.8761
0.0143335 0.0294908 86.0281
0.0248052 0.0223265 83.949
0.0189198 0.0151188 85.7522
0.00503613 0.00688746 89.5972
0.000737496 0.00187015 90.9527
-0.000323312 0.00300481 91.195
0.0015685 0.0131083 90.0863
0.000311335 0.00830848 90.7546
0.0009287 0.0137107 90.246
0.00034615 0.00750414 90.7767
-0.000315231 0.0119565 90.8106
-4.14906e-05 0.0108948 90.7576
-0.000343849 0.0120368 90.8331
-0.000513588 0.00505383 91.248
-0.000204898 0.000723619 91.3127
-3.86063e-05 5.77426e-05 91.2677
-9.37304e-05 -5.6574e-06 91.2979
-0.000130406 -0.000189403 91.3222
-6.33863e-05 -8.83899e-05 91.2812
0.000248568 0.000787954 91.066
0.0014174 0.00367554 90.2695
0.00145788 0.0127213 89.8528
0.00306977 0.0148848 88.7783
0.01189 0.0182986 83.1681
0.0088146 0.0135826 85.4058
0.230955 -0.0405464 4.76622
1.08094 -0.141316 4.02906
0.039529 0.00273559 29.1789
0.011958 -0.000919392 30.6933
0.0161877 0.00765574 29.8438
-0.0282503 0.0410685 31.9271
0.0962347 -0.00623326 -8.50268
-0.16281 0.317271 54.2753
0.0421862 -0.0215819 83.4451
0.0508824 0.0026257 81.0209
0.0302607 0.0304405 83.0414
0.0102044 0.0218302 87.5838
0.00415256 0.0192233 88.9644
0.00715401 0.0083247 88.9102
0.00226542 0.00252465 90.4873
0.00291231 0.00715723 89.9732
0.00689754 0.0120705 88.453
0.0245986 0.0674501 79.3431
0.00276259 0.0285963 88.7157
0.0188911 0.0630358 80.963
0.00144723 0.0273164 89.2582
-0.00037438 0.065342 87.7489
0.0018725 0.0603661 87.2415
-0.00835578 0.0737896 90.8375
-0.0158239 0.0191076 97.2372
-0.00442189 0.00222499 93.1614
-0.00060733 0.000652258 91.491
-0.00013615 0.000382753 91.2848
2.03884e-05 0.00123545 91.145
0.000861183 0.00244238 90.6196
0.00340239 0.00810067 88.8633
0.0104532 0.0186962 84.2178
0.015446 0.0371217 80.2671
0.00244209 0.0393836 87.941
0.00778059 0.039567 84.6294
0.0188569 0.0231518 78.784
0.208574 0.00110901 2.91945
0.0512814 0.0351492 25.6082
0.0162475 0.00974489 29.7264
0.00688987 0.000635851 30.8273
0.0199492 -0.00868179 30.4809
0.0747939 -0.00464413 25.2857
0.102357 -0.0897699 30.2907
0.47686 -0.186044 42.2463
0.077559 -0.0113248 77.5817
0.0792198 0.0103468 75.4796
0.0384917 0.0153509 82.4953
0.00529005 0.00534739 89.7474
-0.00018108 0.0038349 90.9882
0.0021322 0.00235133 90.5214
0.0124779 0.0124628 87.0016
0.0209599 0.0333819 82.8545
0.106906 0.232667 42.3131
0.0757607 0.576756 23.4536
0.0439575 0.466258 42.6686
0.0273336 0.48543 46.4652
0.0362189 0.433659 47.7372
0.0569673 0.450131 39.0279
0.0356036 0.432889 48.9502
0.0542013 0.423995 42.2616
0.0415142 0.383269 50.8835
-0.00464152 0.00220422 93.2757
-0.00102693 0.00577116 91.2841
0.000349321 0.00484018 90.6858
0.00205572 0.0127956 89.1719
0.00634767 0.0161549 86.6095
0.0189257 0.0310852 78.5973
0.0214026 0.0374787 76.7967
0.00838224 0.0187757 85.9324
0.00227835 0.0136701 89.9649
0.00549051 0.015945 87.7559
0.00258952 0.00966852 90.0534
-0.00876195 0.0392073 27.3377
0.0156537 0.0189976 28.6367
0.0107654 0.00420084 30.3814
-0.00189764 -0.00282622 31.764
0.00438634 -0.0017555 31.13
0.0175518 0.00284359 29.4909
0.135733 0.00905219 -13.8651
0.636254 -0.123648 -17.8766
0.0844513 -0.00780602 76.3998
0.0846163 0.00284464 75.5318
0.0374295 0.00862793 83.2498
0.0028874 0.000639549 90.6358
0.000120711 0.000332618 91.1864
0.0153563 0.00618424 86.8532
0.0538263 0.0379986 73.8236
0.013726 0.0464017 92.7139
-3.91933e-05 0.35651 66.6169
-0.00113136 0.0821848 94.063
-0.0158751 0.174785 88.9916
-0.00218068 0.0651233 96.2335
0.0053946 0.0391957 96.1707
0.0101554 0.070633 91.1266
0.0315804 0.024848 87.1963
0.0338063 0.0126225 87.8009
0.0020881 -0.00253105 103.106
-0.0177157 0.0204407 109.69
-0.0330931 0.023999 116.282
0.00645917 0.017264 86.4967
0.0133603 0.041818 80.7668
0.014142 0.0406736 80.3598
0.0131379 0.0239251 82.6799
0.00500264 0.0109079 88.5404
0.00129572 0.00344751 91.4083
0.00033943 0.0016619 92.1454
0.000579481 0.00144585 92.0162
0.000530844 0.0010391 92.0866
0.20013 -0.00708404 3.75972
-0.00482731 0.019556 29.073
0.00678029 0.0107071 29.8034
-0.00107667 0.0113187 30.0851
0.0277684 0.0253165 26.2018
0.0841964 0.0693835 15.6942
0.380959 0.0560351 -14.9256
0.721306 -0.0574703 -37.3942
0.0342884 0.0256234 80.8086
0.0658002 0.0156233 77.3394
0.0201285 0.001661 87.2041
0.00144427 -0.000398407 91.0253
0.00034184 7.16943e-05 91.1607
0.0107454 -0.000645012 88.7239
0.0540654 0.0158634 75.8921
0.0996839 0.0139349 72.0614
0.0199939 0.0236676 93.7291
0.00355017 0.0182944 99.2506
0.00140053 0.0178122 99.9949
-0.000763621 0.0160586 100.893
0.00154303 0.0100234 100.733
0.0105534 0.0137572 96.8073
0.0347286 0.0142093 87.0521
0.0271916 0.00851945 91.0584
0.00240952 0.00089334 102.598
-0.0121181 0.00933032 108.238
-0.028477 0.0266945 113.814
0.00974404 0.0276017 84.1967
0.0045219 0.0159048 88.2391
0.00204347 0.0122703 89.9433
0.00128639 0.00497743 91.2105
0.000350259 0.00119521 92.1736
-5.67198e-05 3.92446e-06 92.5418
-3.42532e-05 -0.000227635 92.5534
6.93366e-05 -0.000396465 92.5093
0.000238991 -0.000729557 92.4431
0.173936 -0.0426263 8.7942
1.0501 -0.124087 12.5304
0.00694736 0.0195162 28.5543
0.0163728 0.0348836 25.8868
0.046845 0.0515937 21.238
0.119455 0.0557363 13.6003
0.187312 0.0264487 10.9294
0.790244 -0.053083 -46.3763
0.0216341 0.0370959 81.7703
0.0496492 0.00570301 81.3436
0.0157545 0.00104398 88.0786
0.00139063 -0.000196797 91.0078
-0.00142857 -0.000389984 91.6297
-0.00362656 -0.0110435 93.5894
0.261383 0.0268164 20.5586
0.0236171 0.00804136 94.4886
0.00783042 0.00498522 99.505
0.000842319 0.00129677 102.102
-0.000202754 0.00129052 102.426
-0.000514291 0.000659411 102.615
0.000759732 0.00041723 102.164
0.010267 0.000679311 98.443
0.0342287 -0.000516761 89.0751
0.0182506 0.00125077 95.732
0.00253094 6.71675e-05 102.641
-0.00403547 0.00161797 105.406
-0.0151355 0.00440658 110.268
0.000776742 0.00561343 91.3581
0.000418964 0.00221327 91.9984
3.96777e-05 0.00116736 92.3353
-0.000114904 0.000209039 92.5445
-0.00012642 -0.000190286 92.6025
-9.57508e-05 -0.000217982 92.5874
-8.43882e-05 -0.000224549 92.5815
-0.000119447 -0.000299513 92.6127
-0.000407412 -0.000466524 92.8141
0.0463196 -0.0486314 9.2856
1.08412 -0.0650211 3.01543
0.0505061 0.0559531 21.14
0.0115688 0.0670259 21.7454
0.0408104 0.0397599 23.8623
0.0826822 0.0434597 18.8737
0.151782 0.0159306 16.1002
0.980193 -0.0513518 13.2159
0.490093 -0.0156236 78.5242
0.0136672 0.018303 85.7723
0.010919 0.00883301 87.8095
0.00146113 0.000223343 90.9274
-0.0031068 -0.000132882 91.9818
-0.0147736 -0.00215275 95.0886
0.320084 0.00932349 7.69864
0.0591934 0.00832475 84.1533
0.0165086 -0.000843636 97.7496
0.000567146 -0.00048998 102.43
-0.000615782 -0.000575541 102.805
-0.000480246 -0.000637938 102.766
0.000931511 -0.000475332 102.21
0.0118259 0.00396263 97.2936
0.0365228 -0.00135166 88.2384
0.0184531 0.000131411 95.7839
0.00289125 -0.000116302 102.501
-0.000710779 7.40855e-05 104.076
-0.00195537 0.00258266 104.271
1.886e-05 0.000134018 92.4771
-3.2295e-05 -0.000169302 92.548
-6.54773e-05 -0.000220107 92.5727
-9.22337e-05 -0.000215445 92.5855
-8.50694e-05 -0.000206121 92.5796
-8.87455e-05 -0.000214462 92.5828
-0.000109814 -9.01525e-05 92.5753
-4.81233e-05 0.000583894 92.43
-0.000296672 0.00190437 92.3805
0.129873 0.0341495 -4.6245
0.0300345 0.338073 -24.3897
-0.00761201 0.14697 9.13184
-0.0268431 0.0897742 20.7489
0.034837 0.0452623 22.9885
0.0356025 0.00182707 29.8685
0.55481 -0.0390086 -52.8658
0.970767 -0.0542812 13.8912
0.997623 0.134199 -23.5194
-0.00363816 0.00945899 90.2607
0.000503236 0.00164777 90.8777
-0.000172022 -0.000125485 91.3171
-0.00398662 -0.000502695 92.2436
-0.0187677 -0.00274158 96.1863
0.453652 -0.0152841 -22.7592
0.0473568 0.00734575 87.5378
0.0107463 -0.000276086 99.3468
0.000392924 -0.000471341 102.473
-0.000571812 -0.00022907 102.729
-0.000513487 0.000112669 102.646
0.00249864 0.00091048 101.374
0.0143549 0.00356214 96.323
0.0372309 0.00281782 87.3085
0.0215081 0.00458831 93.7111
0.00330385 0.000109593 102.28
-7.36924e-05 2.8077e-05 103.785
0.000188895 0.00164312 103.373
5.84643e-05 0.000401298 92.3968
3.92274e-05 6.58696e-05 92.4662
-2.56483e-05 -7.79072e-05 92.5262
-9.39598e-05 -3.17224e-05 92.5544
-0.000118019 3.78422e-05 92.5547
3.61328e-05 0.000275723 92.4207
0.000730552 0.00165317 91.7615
0.00212786 0.00717205 89.9431
0.00365817 0.0104139 88.4315
0.217623 0.0102875 0.0986152
-0.0653098 0.0501198 30.9505
-0.103519 0.0589998 30.8328
-0.0568741 0.0352489 32.665
-0.0295197 0.0299851 31.4259
-0.0620163 0.00137658 39.2378
-0.0435836 0.107444 140.762
0.881043 -0.0292846 21.9969
0.695202 -0.0200432 52.1809
0.0065935 -0.00274446 90.5987
0.00159303 -0.000227537 90.9957
-0.000397027 -0.000418576 91.4177
-0.0037252 -0.000462422 92.1711
-0.015553 0.00465146 94.0053
0.385582 -0.0154258 -4.76693
0.0153445 0.00618463 96.8691
0.00363158 -1.85203e-05 101.427
4.73365e-05 0.000492884 102.397
-0.00011132 0.00200951 102.147
0.000287474 0.00484653 101.466
0.00178889 0.00600552 100.681
0.00707391 0.0073896 98.3715
0.0307543 0.00388165 89.7735
0.0158426 0.00592822 95.8169
0.00318082 7.55299e-05 102.332
0.00132959 0.000461677 103.052
0.00682512 0.00844394 98.9063
-0.000403622 0.00568962 91.632
-0.000625375 0.00208612 92.4274
-0.00017089 0.000393572 92.5145
6.52828e-05 0.00144051 92.1852
0.0002784 0.00278874 91.8028
0.00185085 0.00542166 90.3712
0.00740967 0.0109059 85.9705
0.0175334 0.0296949 76.1922
0.011228 0.0258738 80.8612
0.922538 0.845494 -179.917
-0.0518681 0.0117394 38.3372
-0.0929806 0.0175264 38.8141
-0.0771434 0.0199381 36.6521
-0.0683622 -0.00533033 41.5014
-0.0527763 -0.0285704 44.5168
0.216473 -0.319944 170.772
0.313756 0.20127 73.0353
0.669701 -0.028851 58.162
0.0172069 -0.0061211 89.42
0.00401029 -0.000368931 90.5658
-0.000132222 -0.000365275 91.3413
0.00242428 0.00272559 90.0918
0.0275931 0.0414754 75.837
0.361784 0.0278386 -7.58886
0.00766016 -0.00127394 100.533
0.00341449 -3.41278e-05 101.498
0.00202528 0.00382214 101.094
0.00302378 0.0130529 98.8365
0.00637628 0.023034 95.6082
0.00616626 0.0268985 94.8102
0.00848126 0.0256513 94.1155
0.00994876 0.0281682 93.134
0.015395 0.00238661 96.6124
0.00339072 -0.000222592 102.293
0.00325527 0.000340248 102.183
0.0118939 0.00788338 96.5127
-0.00316565 0.0213014 89.8896
-0.00678534 0.00859846 94.2951
-0.000708386 0.00159799 92.5555
0.0031966 0.00846816 89.0324
0.00417056 0.0146995 87.1689
0.0131531 0.0265818 79.4542
0.0251946 0.0348533 70.4709
0.0167396 0.0243892 77.9915
0.0126548 0.0260069 80.0686
-0.0309185 0.0323523 32.4479
-0.0541185 -0.00600833 41.9821
-0.0990134 0.00892058 40.7198
-0.0669905 0.0400004 31.8493
-0.0903121 0.0194006 37.9211
-0.115663 -0.0031541 44.6455
0.877647 -0.0498203 -50.8255
-0.0632006 -0.303019 152.013
0.854303 0.117417 -80.6843
0.0191893 -0.00450045 88.7639
0.00147865 0.00137706 90.664
0.00370607 0.00417174 89.4964
0.0152471 0.00901222 85.7755
0.0622255 0.0371181 68.1721
0.151509 0.0456162 43.766
0.0261441 -0.0121049 97.6281
0.0196745 -0.00588839 97.9872
0.0158168 0.00310681 96.9832
0.0101204 0.0251889 94.0263
0.0138463 0.0169361 94.6521
0.00755359 0.0185203 96.5221
0.00625573 0.0253065 95.4096
0.00415296 0.0147051 98.649
0.00215526 0.00272297 102.196
0.00151271 -0.000586932 103.192
0.0143987 -0.00126073 97.3961
0.0479451 0.00819652 79.3425
0.227644 -0.0579007 13.6279
0.110762 -0.0249499 65.6266
0.0443227 -0.0126999 97.8935
0.0262985 -0.0345316 112.507
-0.0270542 -0.037123 142.957
-0.0831285 -0.0202798 171.548
0.0130366 0.0202515 81.161
0.00452094 0.00637953 89.4878
0.00161065 0.00683703 91.1921
0.906925 -0.0852038 22.0483
0.88982 0.569258 -142.752
-0.0660333 0.0184784 36.9726
-0.0886216 0.0100418 40.439
-0.135361 0.015113 42.5119
-0.060643 0.0114062 36.0176
0.902224 -0.0861014 -45.7602
0.317585 0.141704 57.2206
0.036949 0.00663301 83.1987
0.0488219 0.0130374 79.2575
0.00965907 0.0013721 89.0812
0.00674602 0.00738724 88.0651
0.0273556 0.0163847 81.3194
0.0553181 0.0204882 73.8768
0.64371 -0.00529531 -73.5044
0.092847 0.0169594 71.6009
0.0242889 0.00247371 94.6376
0.0143047 -0.00453272 99.2173
0.0162386 -0.0187257 102.097
0.0147035 -0.0105836 100.73
0.0143623 -0.00553118 99.6717
0.00520484 0.00617124 100.224
1.01029e-05 0.00384788 102.816
-0.000674902 0.00043373 103.924
0.00182445 -0.000187343 102.948
0.0243836 0.0068263 90.8379
0.128285 0.0371725 34.3558
0.519251 -0.046299 -134.194
0.121364 -0.0117399 57.0446
0.0701788 -0.0133393 84.179
0.00750737 -0.0118292 117.592
-0.0311462 -0.00779211 138.421
-0.0678832 -0.0176299 162.08
-0.0104847 -0.00128955 100.506
-0.00215035 0.000317182 95.0219
0.000504433 0.000732387 93.2683
0.982844 0.160021 -40.3087
0.945763 0.0193979 -1.6748
-0.0551514 0.00763001 39.0193
-0.0557155 -0.0059984 42.5358
-0.0714148 0.0239973 35.892
0.0523133 0.0279334 66.7288
0.0895076 -0.212811 109.454
1.00191 0.265408 -137.595
0.0635847 -0.0227566 86.3316
0.0211159 0.00861398 85.3814
0.00975323 0.00862508 87.2014
0.0194677 0.0207354 81.9592
0.0348794 0.0100616 81.4933
0.0839618 0.00308407 71.1066
0.43134 0.0379894 -28.7802
0.0813215 0.0115274 76.0354
0.0201167 0.0153594 92.5039
0.0031252 0.0128375 98.2243
0.00640872 0.00490722 99.1896
0.0167609 -0.00212061 97.401
0.0244666 0.00719261 92.3771
0.00674018 0.00856203 98.8897
-0.0037488 0.00957627 102.819
-0.00128862 0.000441155 104.171
0.00634716 0.00140424 100.504
0.0480353 0.00547169 80.1653
0.103418 0.00273508 54.8378
0.571391 -0.0124565 -169.107
0.122695 -0.014415 57.0023
0.0732034 -0.015994 83.1926
0.009635 -0.00779967 115.49
-0.0324028 -0.0130787 140.55
-0.0620939 -0.0146057 157.814
-0.000730443 -0.00147966 94.5921
7.03208e-05 0.00108342 93.4279
0.00118318 0.00270465 92.3092
0.0601395 0.0145103 4.85844
0.473252 -0.00471287 13.7789
-0.05983 0.000996395 40.1488
-0.0104585 0.0238128 31.6606
0.487991 0.0264652 28.5736
0.106562 -0.0296323 77.6477
-0.174924 0.0641079 67.0678
0.945735 0.282825 -135.143
0.147333 -0.0439794 78.9202
0.0387484 -0.00140924 84.9256
0.02521 0.0272206 79.2063
0.0175674 0.0271878 80.8568
0.0150424 0.0140932 85.0311
0.0290907 0.0102683 82.5716
0.111051 0.0079351 62.4695
0.179946 0.0293507 43.182
0.0534718 0.0362273 77.1149
0.004621 0.0445774 89.2401
0.00470391 0.0434607 89.4888
0.0177976 0.0312154 88.3363
0.0193631 0.0239064 89.8364
0.0230027 0.0422738 83.5236
0.069219 0.0612209 85.5683
0.0576149 0.105704 78.1488
0.0248876 0.114666 89.99
-0.0104408 0.0749285 117.128
0.120747 -0.0441761 59.5905
0.473164 0.0417261 -135.446
0.103179 -0.0237625 69.7414
0.0513664 -0.0199833 95.9531
-0.0014698 -0.0217876 125.573
-0.0360853 -0.0169557 143.753
-0.0530098 -0.0244083 155.228
0.00139683 -3.22519e-05 92.9151
0.00401326 0.00365585 90.274
0.00507 0.00774678 88.4762
0.117685 0.00903065 5.85114
0.466881 0.000889015 12.4737
-0.00971038 0.00701565 36.6436
0.147638 0.030612 33.5807
0.0966742 0.10149 39.5708
0.0888429 -0.0695049 90.9041
0.0961354 -0.0546445 86.0843
0.121221 -0.033353 75.599
0.470066 -0.0183417 20.5454
0.05192 0.00574303 80.5082
0.0344521 0.00788776 83.0026
0.0143539 0.01365 85.3082
0.0102957 0.00960807 87.3009
0.0299465 0.0300812 76.3583
0.106068 0.0366233 55.362
0.139722 0.0247476 55.876
0.0291568 0.0270471 86.967
0.00429629 0.0304551 93.3626
0.00446592 0.036989 91.2721
0.0174786 0.0317404 88.2299
0.0562199 0.0421461 71.0144
0.129377 0.0368316 67.7405
0.18025 0.0554334 41.6374
0.0981767 0.0623918 73.8089
0.0292468 0.0926782 94.6126
-0.040018 0.0670793 133.574
-0.0754596 0.085611 144.134
0.0884966 -0.0257627 77.3551
0.115331 -0.0317498 65.7161
0.0486671 -0.0161185 96.2914
0.00657746 -0.027895 122.963
-0.0481649 -0.0206167 151.561
-0.0749119 -0.0244468 167.991
0.00215705 -0.000232153 92.5196
0.0130121 -0.0027349 86.5876
0.0131974 -0.000557953 85.8466
0.23107 0.0168461 1.81112
0.210037 0.0225331 12.481
-0.0199424 0.00629428 37.2858
-0.0300577 -0.00847316 42.3172
0.0477767 0.0475511 47.3814
0.219774 -0.142937 98.4527
0.181516 -0.152774 105.576
0.112876 -0.0731538 89.4283
0.412003 -0.01287 28.0456
0.0405765 0.0228624 76.8986
0.0388217 0.016994 78.9166
0.0247883 0.0143948 82.7103
0.019691 0.0176781 82.6323
0.0892609 0.118999 35.1325
0.325337 0.083298 -14.181
0.0778655 0.00628635 79.2745
0.0358992 0.0524778 76.9417
0.0189383 0.0482922 83.2138
0.0203937 0.0578765 79.6353
0.00554565 0.0328023 92.5399
0.0149521 0.0343595 88.6815
0.276471 0.00639226 18.9313
0.149878 0.0426562 58.6084
0.0751028 0.0166009 98.3912
0.0207893 0.0568412 109.208
-0.0415693 0.0228667 148.196
-0.07801 0.0540929 155.399
0.1569 -0.028608 43.41
0.114252 -0.00279752 57.3976
0.0494205 0.000848899 90.5943
0.00368122 -0.00598791 117.481
-0.0333901 0.00075336 136.224
-0.0911786 -0.0104101 173.155
0.00016162 0.00653258 91.6719
0.00204822 -0.00221844 93.2059
0.00519251 -0.00672061 92.6663
0.217762 0.0203127 0.349919
0.125438 0.0202819 1.68079
0.0337468 0.023587 28.8532
-0.0253393 0.0109548 35.5934
-0.00694627 -0.0549711 90.6814
0.0731187 -0.0543784 83.5707
0.0736259 -0.108021 101.212
0.18151 -0.0950657 87.185
-0.0557598 0.137158 54.9254
0.0301405 0.0749271 61.3644
0.0431943 0.0439695 69.1945
0.0214123 0.0486074 72.3043
0.0443107 0.0449078 91.3569
0.0162684 0.00639999 111.224
-0.00272549 0.00361944 116.9
0.11003 0.835918 -201.395
-0.00816454 1.01959 -229.445
-0.00502077 0.987088 -219.878
0.0154365 0.943403 -212.636
-0.0115966 0.945559 -204.077
0.0164695 -0.0170966 118.611
0.612018 -0.119264 -72.3479
0.173564 0.0196265 55.7761
0.14122 -0.0498137 91.7671
0.0485998 -0.0138151 119.76
-0.020524 -0.0206075 152.804
-0.0453766 -0.0366104 169.367
-0.00924137 0.0503241 106.724
0.10945 0.0368991 46.7541
0.0666437 0.0498078 65.2513
0.00990603 0.0469637 96.6902
-0.0075432 0.0639156 100.759
-0.0329032 0.0363213 124.073
0.0640929 0.518136 -96.6692
0.120248 0.488907 -121.419
0.00177872 -0.00387421 93.9041
0.221713 0.0196151 1.31209
0.148429 0.0114525 4.37877
-0.0260188 0.0226963 31.8768
-0.088658 0.0223652 35.2143
-0.0861319 0.0210675 35.5933
0.575897 -0.0134801 33.6192
0.0878532 -0.0514759 80.7427
0.253005 0.339565 -52.1749
-0.263094 0.611374 -75.8077
-0.0607822 0.222962 27.4773
0.0207694 0.119519 48.1556
0.0957337 0.0172725 90.0322
0.0339712 0.0146228 104.246
0.00718046 -0.00272245 116.714
-0.000458978 0.0019614 116.917
0.00446071 0.0267251 106.639
0.0264131 0.00629378 107.694
0.0127345 0.0086429 111.28
0.00913972 0.0178554 109.072
0.00663377 -0.00584364 118.408
0.00700808 -0.00579683 118.188
0.0255088 0.0215819 101.344
0.375099 0.0204776 -30.6219
0.0607471 -0.0500837 126.463
0.0563607 -0.0480553 127.984
-0.0293172 -0.0439351 164.355
-0.00808246 0.0115142 119.757
-4.68232e-05 0.0182501 113.482
0.000512017 0.0265344 110.224
0.000913826 0.0463444 102.872
-0.00155505 0.0480286 103.64
-0.00708708 0.0520007 105.378
-0.00159466 0.064824 97.662
0.0270746 -0.0103179 107.658
0.0178437 -0.0108005 113.669
0.00634168 -0.00735685 119.369
0.418375 0.0475371 -8.16973
0.292443 0.0612325 -3.89312
-0.0435997 0.0350739 27.9732
-0.0648884 0.0441748 25.8298
0.284211 -0.0247119 64.5569
0.727525 0.0104329 10.5052
-0.0340734 0.0450574 102.89
-0.296812 0.134142 103.132
0.0175858 0.539418 -93.6834
0.0211803 0.548151 -98.1223
0.39332 0.172315 -25.9136
0.0452698 -0.0176059 113.037
0.0428963 -0.0151616 113.037
0.00926473 -0.00297602 116.327
0.0013188 -0.00729832 119.772
0.0150661 0.0157768 107.459
0.0464466 0.0705577 78.1283
0.00614335 0.0347845 103.424
0.00148385 -0.018058 124.715
0.000549958 -0.0199806 125.734
0.0341183 0.00533832 103.969
0.126278 0.0788015 41.5339
0.223542 -0.000666827 39.4573
0.122102 -0.0131151 86.7272
0.0115095 -0.031902 141.468
-0.0524972 -0.0324088 170.558
0.0217905 -0.00227561 110.219
0.00752478 0.00433517 114.706
0.00607076 0.0257928 107.565
0.00380941 0.026968 108.255
0.00210371 0.0441424 103.034
-0.00694977 0.0541945 104.346
0.000270572 0.0427267 104.401
0.00652002 0.00821029 113.492
0.000713098 -0.0354438 133.101
0.00841024 0.00186991 114.269
-0.0202975 0.04633 22.582
0.964078 0.0291967 -10.6203
-0.0269875 0.0924491 5.60489
0.719393 0.137588 -38.897
0.737972 0.131696 -37.5085
0.722068 -0.0234819 24.1131
1.54007 0.516642 -275.571
0.0260721 0.532929 -91.6964
0.0139514 0.530423 -89.9849
0.0134439 0.546953 -96.0799
0.0128519 0.542093 -93.95
0.00724884 0.450498 -56.3817
-0.0195649 0.474442 -60.1277
-0.00370367 0.518289 -81.4709
0.00161696 0.498391 -74.716
0.0192711 0.557595 -103.12
0.0730438 0.291339 -14.9309
0.0165258 0.478086 -70.6049
-0.0045735 0.51482 -78.418
0.00200274 0.476935 -65.9772
0.0280832 0.497311 -82.7429
0.160139 0.417458 -101.584
0.465478 -0.0164435 -54.5582
0.086023 0.0271672 86.1733
-0.00275293 0.00146889 134.817
-0.0562029 -0.0172688 166.112
-0.0417125 0.581356 -82.976
0.0135264 0.47788 -69.8762
0.00904259 0.49439 -74.1431
0.0283536 0.46986 -75.283
0.0157077 0.445769 -58.8049
-0.00461764 0.450073 -49.2496
0.0189469 0.47227 -71.6428
0.00371198 0.5106 -77.7991
-0.0131805 0.526565 -73.7959
-0.173674 0.119806 185.097
0.000747772 -0.0207093 39.5037
1.00956 0.0281523 -11.1789
1.02738 -0.00998289 4.48139
0.961818 -0.0401515 21.4124
0.940993 -0.121821 56.9662
0.197869 0.265687 -31.894
0.173949 0.225738 13.6683
0.0745484 0.539382 -101.906
0.0349243 0.591727 -117.733
0.0163399 0.596192 -116.537
0.0354023 0.562742 -106.845
0.0391196 0.548405 -102.155
-0.023653 0.554165 -90.686
0.0052654 0.568143 -103.575
0.0124045 0.56273 -102.981
-0.00417257 0.581946 -106.233
-0.0129346 0.610332 -114.788
-0.00421378 0.598154 -112.125
0.00135333 0.571061 -103.198
0.0286433 0.573743 -113.254
0.0261842 0.587396 -118.356
0.0432976 0.498447 -88.6246
0.14694 0.211149 -12.9471
0.0591303 0.0857477 74.1773
-0.001623 0.0529171 113.968
-0.0415401 0.028105 141.067
0.0168904 0.192949 45.0198
0.0542661 0.481067 -91.2481
0.0195019 0.556657 -104.401
-0.0131373 0.582192 -97.8976
-0.00946848 0.569701 -94.7006
0.00231687 0.457783 -56.4931
0.000632528 0.571858 -101.314
0.0332556 0.538386 -106.806
0.0607443 0.603083 -149.775
-0.178975 0.014892 229.279
-0.0501626 -0.0534734 53.7641
0.066862 0.0194832 20.3453
0.955657 0.0381635 -12.3435
0.935694 -0.0360486 20.482
0.914807 -0.0868441 43.3649
0.909084 0.0180757 0.391
0.0645554 0.178829 -46.3836
1.10837 0.362383 -174.085
0.0652569 0.582357 -118.023
0.0345202 0.623438 -130.861
-0.00406572 0.625965 -124.705
-0.00401858 0.607284 -116.96
-0.0156228 0.603744 -113.108
-0.00826919 0.576696 -103.784
0.0152365 0.59108 -114.885
-0.0298923 0.605476 -108.191
-0.0132405 0.587652 -104.747
-0.00887694 0.578011 -101.87
-0.00144501 0.609902 -117.815
0.018341 0.591856 -116.832
0.00148756 0.578411 -104.934
-0.0301253 0.56658 -88.2881
0.0129227 0.593583 -116.064
0.0112799 0.631335 -131.689
0.0337169 0.615325 -134.369
0.039417 0.667148 -159.665
0.00228893 0.650929 -135.171
0.0250633 0.476174 -70.7287
0.0201299 0.592227 -119.559
0.0435836 0.0400181 -2.10585
0.00482299 0.631356 -127.415
-0.00219643 0.642751 -128.58
0.0130105 0.616834 -127.002
0.0134719 0.577518 -110.513
0.0162457 0.518983 -87.551
0.0661861 0.55387 -132.579
1.51904 0.0475092 -21.2416
0.265103 -0.0606416 49.5622
0.943958 0.049111 -17.2419
0.91964 0.038822 -11.4481
0.923711 -0.164263 81.5595
0.316371 -0.0180298 11.9108
0.984067 0.177222 -74.8637
1.01799 0.316638 -141.763
0.227395 0.525026 -118.753
0.0776407 0.652094 -149.88
-0.00901727 0.787643 -194.587
-0.0613049 0.662315 -128.953
-0.017388 0.70655 -157.635
-0.0175303 0.599856 -110.624
-0.020142 0.560298 -91.9257
-0.00392001 0.568209 -99.5203
0.0115419 0.551655 -96.8878
0.00538577 0.467993 -57.9612
0.0300622 0.582165 -116.339
0.0208844 0.609709 -125.636
0.00449528 0.580331 -106.259
-0.00453376 0.601405 -112.417
0.0117529 0.541695 -92.3543
0.0195734 0.581336 -113.482
0.0162864 0.618012 -128.328
-0.0199669 0.563732 -87.5305
-0.0294103 0.345344 12.9395
0.0475827 0.358076 -29.4723
0.0220828 0.419447 -43.7181
0.0491807 0.508917 -98.3192
0.0206115 0.586246 -116.305
-0.0188181 0.539079 -73.5727
-0.0206126 0.610799 -103.927
-0.00444523 0.0324269 70.7518
0.130569 0.483999 -143.202
-0.113409 -0.0837391 228.613
0.572201 0.0206171 -8.17403
0.702207 -0.415267 198.582
1.00364 -0.44451 202.852
0.982401 -0.237651 109.127
1.03428 -0.256065 113.374
1.03766 -0.38015 169.642
1.04975 -0.451887 202.398
1.0751 -0.520943 229.849
0.946884 -0.0971607 48.1527
0.00216653 0.0238492 145.893
0.0110257 0.0697067 123.602
-0.00631714 0.0609828 131.417
-0.00318148 0.210328 61.692
-0.0267858 -0.0693897 195.564
-0.0517254 -0.0852487 209.604
-0.0721555 -0.123237 233.032
0.43761 -0.343453 181.451
0.0696365 0.0251581 122.504
0.0312264 0.0553625 121.51
0.0646385 0.226569 31.2555
-0.0958831 -0.106367 213.552
-0.110614 -0.156792 241.185
0.196495 -0.103741 31.3654
0.0531341 0.00993286 13.8235
0.0718737 0.0498326 -12.6189
-0.0526435 -0.0572622 183.142
-0.0197097 -0.0715202 174.936
0.122553 -0.334576 246.058
0.0729728 -0.897362 525.673
0.136756 0.0394725 64.727
0.0529895 0.0253903 -0.722009
0.43555 -0.224119 -12.3529
0.0398764 -0.238454 241.299
-0.0221943 -0.177542 215.493
-0.0330926 -0.0995947 185.938
-0.0918444 -0.0871092 216.49
0.736877 0.0307981 -13.6565
-0.00840029 -0.17852 244.097
0.495621 -0.31811 178.909
1.01373 -0.0799663 37.0355
0.00605214 0.0120077 151.847
-0.00752823 -0.0128034 164.964
-0.0114567 -0.154705 233.394
0.954931 0.110469 -53.0027
0.977716 -0.0411482 16.5501
-0.0169131 -0.00510311 163.127
-0.0239851 -0.0106221 167.623
-0.0388039 -0.0758632 201.698
0.191286 0.192442 -3.97322
-0.0539326 -0.0479648 192.372
-0.0553729 -0.0336191 185.195
-0.0375419 -0.0471931 186.48
0.0179027 -0.058836 176.054
0.0995121 0.00879147 119.606
0.0546684 0.0132239 132.887
0.311806 -0.134928 78.5306
-0.000645007 -0.0932731 172.115
0.708388 0.564323 -420.94
0.123539 -0.0814191 50.5192
0.16528 0.0808441 17.0406
0.0380244 0.0410395 86.0314
0.793767 -0.4841 2.51248
-0.056973 -0.116075 212.297
0.984983 0.895806 -776.503
0.00350635 0.443916 -61.5793
0.0610669 -0.000960555 124.884
0.543516 0.294937 -294.38
0.0226668 -0.000719608 73.6908
0.051553 -0.179696 171.738
0.107366 -0.101286 101.157
0.0387865 0.0256098 100.6
-0.00616635 -0.0442377 142.357
0.423684 -0.150028 106.095
-0.0183757 -0.636763 354.865
0.502447 -0.320604 178.592
-0.00379088 0.0135674 152.136
-0.0110251 0.0245361 147.197
-0.0291458 0.0330586 144.602
-0.0358356 0.132226 95.5442
0.0612835 -0.0652909 167.186
0.136028 0.232665 19.1372
0.112366 0.116268 -32.4562
-0.032892 -0.0411455 183.648
-0.118938 -0.0706575 214.59
0.447363 0.151546 -42.6597
0.0948274 0.115297 71.4048
-0.00320334 -0.0383092 174.5
-0.0683056 -0.0135412 179.389
-0.101308 0.0285816 168.087
0.106734 -0.0276488 24.9712
0.00241207 -0.00488467 157.633
0.00653284 -0.0439578 176.476
0.323844 0.3789 -269.19
0.0797153 0.0336039 -9.89844
0.0267562 -0.0302365 46.8143
0.0701966 0.0586579 68.6598
0.031281 0.127769 29.052
0.148436 -0.00212195 -22.1466
-0.0146288 -0.0473881 168.082
0.670437 -0.155482 -102.118
-0.0134209 -0.0394724 68.5453
0.590011 0.204588 -373.986
0.0719534 -0.0471663 140.527
0.121691 0.0242782 5.05937
0.0892912 -0.0337355 62.5018
0.126598 0.0613272 8.51444
0.123564 0.00374835 39.4889
0.118655 0.133813 -22.017
-0.00232844 -0.0554631 186.761
0.50637 -0.181562 109.879
-5.1765e-06 0.00966807 153.856
-0.00122484 0.0125246 152.487
-0.00694372 0.0213932 148.424
-0.0183324 0.0317915 144.156
-0.0336541 0.0790178 122.067
0.687208 0.480487 -184.868
-0.0232317 0.00197947 160.759
0.431524 -0.608337 360.885
0.0051862 -0.103938 207.165
0.0113733 0.11654 94.7332
0.413742 1.09208 -501.255
1.48245 17.5913 -9152.77
0.143051 -0.0206431 127.243
-0.041216 0.0761129 128.581
0.623044 0.366825 -215.985
0.103753 -0.0103354 120.082
0.849437 0.293227 -307.46
0.0951087 2.20287 -1146.4
0.0199664 -0.0110507 155.465
0.526398 0.745324 -576.694
1.30736 0.866091 -949.445
0 30 -15197.5
1.20636 0.370523 -578.374
-0.0364535 1.21328 -470.728
-0.000685558 5.24458 -2656.41
0.435929 0.455043 -440.434
0.723138 -0.311162 -183.616
0.7346 -0.310815 -190.213
0.654265 0.198033 -413.577
0.152433 0.00567171 -3.23868
0.078968 -0.0286129 66.0098
0.13158 0.0543562 8.99901
-0.0151873 0.137912 76.7075
0.127905 0.109839 -15.7328
