-0.00814908 0.0352037 107.827
-0.00794402 0.0358322 107.808
-0.00596049 0.0368557 107.71
-0.00247774 0.038925 107.476
0.00642859 0.0402215 106.788
0.0134289 0.0424929 106.127
0.0131471 0.0495059 106.104
0.80159 0.0494794 5.6035
0.0508742 -0.080594 106.819
0.028691 -0.0907267 110.475
0.028015 -0.0180649 109.256
0.0311806 -0.00951487 108.836
0.0260202 0.0039837 109.828
0.0170078 0.0531437 126.157
0.0250275 0.0303881 124.593
0.0145971 0.0115364 127.742
0.00879254 0.0100102 129.374
0.00574558 0.0106503 130.239
-0.006055 0.0325574 133.722
-0.00704538 0.0443983 133.949
0.00276969 0.0183656 130.71
0.00197291 -0.000304698 131.178
0.000332525 -0.0172894 117.748
9.42019e-05 -0.0253766 117.931
0.00739818 -0.0259505 114.795
0.00711209 -0.0198113 114.916
0.00449866 -0.0160771 116.096
0.0047434 -0.0136091 115.939
0.0181443 -0.0175215 109.182
0.0158564 -0.0201751 110.478
0.0144237 -0.00675161 111.104
-0.42465 -0.00606954 358.122
0.0500639 -0.0143518 83.6259
0.0315383 -0.0378205 94.9609
0.0311482 -0.0504404 95.2732
0.0168043 -0.0380836 104.02
-0.00750444 0.0346953 107.829
-0.00703392 0.0353988 107.791
-0.00429762 0.0368898 107.625
-0.000509535 0.0381108 107.352
0.00611898 0.0391925 107.082
0.0245236 0.0413965 105.058
0.048011 0.0577472 102.029
0.0793845 0.0377883 99.0896
0.0694454 -0.0117894 102.512
0.0489841 -0.00399411 105.068
0.0467846 0.00728724 105.295
0.037301 -0.0010669 107.428
0.0306614 -0.00104105 108.806
0.0224847 0.0333849 125.112
0.0164491 0.0253696 126.922
0.00177423 -0.00818303 115.964
0.009151 -0.0157677 114.107
0.00360859 -0.0211834 115.984
0.00721835 -0.0224546 114.835
0.00844988 -0.0254886 114.547
-0.00730286 0.0193972 134.326
-0.00663086 0.00955127 134.283
-0.0283055 -0.0167892 129.524
-0.00287778 -0.021599 119.038
0.0126487 -0.0235376 112.337
0.0145283 -0.0236909 111.573
0.00903935 -0.0173977 113.947
0.00802946 -0.0132445 114.322
0.0107 -0.0122361 112.896
0.0203499 -0.0171172 107.941
0.0258802 -0.0172546 104.958
-0.402398 -0.0253518 345.819
0.00406039 -0.0269349 110.996
0.021607 -0.0375373 100.964
0.0273112 -0.0375552 97.4063
0.0410047 -0.0302216 88.6436
-0.00679264 0.0336043 107.863
-0.00635292 0.0342116 107.818
-0.00410554 0.0350318 107.684
-0.00121223 0.0358123 107.478
0.00916338 0.0381988 106.59
0.0379915 0.0414522 103.743
0.0638514 0.04995 100.524
0.067051 0.0411989 100.611
0.0777022 0.0169885 100.189
0.038859 0.0120543 106.817
0.0328893 0.00869627 108.017
0.0249127 0.00155498 109.879
0.0257109 -0.00145242 109.836
0.0184267 0.0177271 126.659
-0.0224923 -0.00925271 122.701
-0.000235939 -0.00909342 116.531
0.00559868 -0.0121157 115.021
0.00448934 -0.0157434 115.515
0.00678077 -0.0177568 114.79
0.00805444 -0.0173367 114.269
0.00871718 -0.0206299 114.241
-0.0109019 0.00435358 136.189
-0.029859 -0.00517357 129.636
-0.00139852 -0.0107603 118.032
0.00618645 -0.0125686 114.842
0.0114353 -0.0208105 112.85
0.0140915 -0.0198028 111.574
0.0143065 -0.0157888 111.287
0.0104116 -0.00882235 112.963
0.0116463 -0.00949297 112.304
0.0192281 -0.0179564 108.568
0.401503 -0.0241799 -118.461
0.00974984 -0.0191659 107.289
0.0166092 -0.0292561 103.664
0.0204876 -0.0367314 101.64
0.0435392 -0.0328103 87.0604
-0.00620548 0.0319475 107.948
-0.00564714 0.0325072 107.891
-0.00257797 0.0338023 107.669
0.00183087 0.0349821 107.311
0.0137151 0.0364458 106.305
0.0398295 0.0351616 103.885
0.0630383 0.0297662 101.647
0.069212 0.0175256 101.88
0.0557471 0.0266097 103.082
0.0369534 0.00961134 107.209
0.0276759 0.00635653 109.12
0.0183015 0.00175286 111.212
0.0227569 0.00237384 110.222
0.0236341 0.017244 125.334
-0.0160106 -0.00820696 120.911
-0.00179284 -0.00404759 116.691
0.00231526 -0.0149857 116.204
0.00499967 -0.0126434 115.24
0.00243327 -0.0112486 115.968
0.00484659 -0.0103582 115.074
0.00557479 -0.0152004 115.144
-0.0091675 0.00672515 135.323
-0.0219257 -0.015104 127.011
0.000160914 -0.00989148 117.354
0.00609315 -0.0101749 114.766
0.00745904 -0.00935563 114.088
0.0126263 -0.0122984 111.831
0.0181204 -0.0170637 109.455
0.0162602 -0.0149606 110.306
0.012623 -0.00808766 111.748
0.0146286 -0.00871223 110.651
-0.0430994 -0.110223 144.356
-0.00366386 -0.0259194 115.633
0.0111071 -0.0198986 106.503
0.0232571 -0.0207551 99.0451
0.0484027 -0.0138301 82.9426
-0.00561074 0.0296673 108.108
-0.00511396 0.0301913 108.046
-0.00238515 0.0308703 107.873
0.00182797 0.0317271 107.549
0.0106463 0.0315143 106.927
0.0306744 0.0306985 105.114
0.0576478 0.0259858 102.563
0.0636798 0.0238212 102.037
0.0468586 0.00922155 105.726
0.0359291 0.00693238 107.638
0.0211023 0.00307589 110.64
0.0192931 -0.00093155 111.184
0.0195177 0.0203768 125.884
0.0277399 0.014968 124.505
0.0215918 0.0127056 126.271
0.00925496 -0.0104623 131.356
0.000570816 -0.0629381 138.516
-0.0136601 -0.0357441 140.433
0.00272616 -0.0243684 134.194
-0.00388615 -0.0153116 135.73
-0.00957799 -0.0115102 137.625
-0.0188544 0.0239019 137.874
-0.0222983 0.015972 139.845
0.00803494 -0.0168592 114.565
0.00292604 -0.00349991 115.687
0.00746162 -0.00725948 113.949
0.00837798 -0.0060317 113.421
0.012084 -0.0123461 112.098
0.0165717 -0.0187216 110.409
0.0174245 -0.0111126 109.429
0.0119301 -0.00982055 112.265
0.00286713 -0.0356207 112.506
0.0100161 -0.024074 107.401
0.016704 -0.0223721 103.321
0.020458 -0.0179871 100.597
0.0614904 -0.0145077 74.7859
-0.00503131 0.0266742 108.374
-0.00443318 0.027197 108.299
-0.00131004 0.0281393 108.063
0.00329214 0.0285834 107.734
0.0110469 0.0270343 107.295
0.0328573 0.0264125 105.252
0.055875 0.0204541 103.254
0.054293 0.0186528 103.778
0.0387588 0.00781941 107.105
0.0309684 -0.00255969 109.338
0.0279781 -0.0010517 109.681
0.00964684 0.0171978 128.376
0.0159338 0.018035 126.884
0.0223207 0.0132128 125.943
0.010203 0.00635648 129.741
-0.00363018 0.00252696 133.836
-0.00218402 -0.00971892 134.567
-0.00107502 -0.000814501 133.309
0.000871935 0.0006605 132.536
0.00252371 0.0032089 131.714
-0.00176166 0.00271728 133.403
-0.0179143 0.0116693 138.655
-0.0213673 0.0123694 139.889
-0.0169842 0.00734593 138.576
-0.00582454 -0.00481099 119.69
0.00958583 -0.00416517 112.673
0.00886656 0.000249899 112.601
0.00656537 -0.0132566 114.972
0.0179926 -0.0124021 109.071
0.0181951 -0.0111259 108.987
0.0112622 -0.0165037 113.278
-0.00643693 -0.0139026 116.159
0.00470656 -0.0130592 109.579
0.0148771 -0.018005 103.987
0.0268943 -0.0167716 96.5095
0.0495084 -0.0259855 83.4236
-0.00447511 0.0229129 108.778
-0.00405383 0.0234289 108.7
-0.00152949 0.0240249 108.52
0.00248923 0.0244754 108.225
0.0109244 0.022264 107.846
0.0309846 0.02498 105.603
0.0513837 0.0244976 103.377
0.0470251 0.0108089 105.611
0.0294051 0.00401394 108.953
0.0271864 0.0027723 109.403
0.0290883 -0.000862117 109.429
0.0080164 0.0205197 128.426
0.0134187 0.0185604 127.456
0.0132223 0.0128282 128.215
0.00599308 0.00955726 130.469
-0.0047269 0.00506202 133.893
-0.00249578 0.00574381 133.125
-0.000710569 0.00917813 132.192
0.00100388 0.010246 131.494
0.0027862 0.00963433 130.972
-0.00135099 0.00726533 132.786
-0.0113646 0.0083878 136.444
-0.0220521 0.0119234 140.248
-0.019765 0.0115503 139.287
-0.0103782 -0.00658997 121.935
0.00850533 -0.0015918 112.912
0.097264 -0.0369653 91.1255
0.0690127 -0.0346625 104.798
0.00266893 -0.0433892 139.661
-0.0199783 -0.0325837 150.573
-0.0400343 -0.0311654 161.319
0.00353627 -0.0185589 110.945
0.00517872 -0.0149391 109.571
0.0102382 -0.0162859 106.681
0.0200854 -0.0285754 102.075
0.00957989 -0.0466106 110.851
-0.00391794 0.0184769 109.334
-0.00343388 0.018941 109.252
-0.00101595 0.0198965 109.013
0.00304617 0.0203438 108.701
0.0034322 0.0303003 107.706
0.0255466 0.0192163 106.888
0.0393076 0.0107628 106.555
0.0385049 0.00608138 107.344
0.0264283 0.000604094 109.842
0.0274453 -0.00466678 110.357
0.0223103 -0.00407797 111.177
0.0130739 0.0155596 127.978
0.00896356 0.0113329 129.385
0.0120711 0.0119599 128.616
0.00019187 0.00971216 131.976
-0.00480308 0.00473663 133.936
0.00165189 0.00911485 131.488
-0.000596235 0.0120429 131.779
0.00204556 0.0155067 130.452
0.00135495 0.0120382 131.184
-0.00598228 0.00651132 134.61
-0.0100982 0.0104616 135.673
-0.0178196 0.0111032 138.654
-0.022663 0.018682 139.636
-0.0129526 -0.00777448 123.208
0.000955013 -0.0155684 118.076
0.10992 -0.0251746 83.4057
0.0740255 -0.0140387 99.6641
0.0274277 -0.0143209 123.341
-0.0229281 -0.013257 149.76
-0.0425356 -0.0238271 161.602
0.00260971 -0.0132437 110.743
0.00596946 -0.0194163 109.641
0.00442299 -0.021603 110.894
-0.0106177 -0.0257326 120.761
-0.0132859 -0.0368941 123.888
-0.00352507 0.01367 110.023
-0.00313365 0.0139592 109.963
-0.000977113 0.0142897 109.819
0.00246899 0.0150627 109.498
0.0102956 0.0162747 108.723
0.0231777 0.0131735 107.998
0.0322895 0.00686433 107.973
0.0341654 0.00196905 108.527
0.0210097 -0.000843748 110.868
0.0207803 -0.00605908 111.666
0.0213513 -0.00945418 112.099
0.00564976 0.0122189 129.977
0.0102105 0.0104979 129.193
0.0158917 0.0103867 127.934
-7.87218e-05 0.0124796 131.723
-0.00450181 0.0131786 132.66
0.00575856 0.0160549 129.267
0.00169952 0.0183773 130.223
-0.00180975 0.0159779 131.792
-0.00388101 0.0167905 132.368
-0.00197673 0.0169511 131.662
-0.0120431 0.0122988 136.206
-0.0152901 0.00959808 137.849
-0.0129673 0.0131848 136.339
-0.0261048 -0.00768633 129.053
-0.0123591 -0.015932 124.163
0.115618 -0.0218696 80.1815
0.0821765 -0.0158221 95.8413
0.0263394 -0.0136965 123.839
-0.0392385 -0.0170691 159.035
-0.064011 -0.0197785 172.952
-0.00655982 -0.00686492 115.049
0.00306658 -0.0130387 110.413
0.00340705 -0.0139993 110.401
-0.0188767 -0.0171141 124.733
-0.0240961 -0.0148126 127.579
-0.00331332 0.00913489 110.756
-0.00286941 0.00926304 110.718
-0.000683961 0.00961271 110.558
0.00525152 0.00950509 110.203
0.00188212 0.00809531 111.063
0.0152766 0.00709119 109.765
0.0261551 0.00107236 109.661
0.0311738 0.000452904 109.203
0.0174859 -0.00343401 111.854
0.0143715 -0.00799703 113.093
0.0172659 -0.0106173 113.043
0.00471538 0.0194871 128.938
0.00797144 0.0165433 128.693
0.0106312 0.0116266 129.002
0.00278754 0.00798223 131.653
0.00159551 0.0130376 131.03
0.00434869 0.00949422 130.887
0.00403926 0.0124522 130.452
0.00116832 0.0106528 131.666
-0.00262374 0.00977278 133.102
-0.00591408 0.0105693 134.149
-0.0138661 0.00810917 137.566
-0.0147485 0.0125138 137.091
-0.0148368 0.0109121 137.43
-0.0340002 -0.00518028 132.157
-0.0181084 -0.0083338 125.597
0.123646 -0.0227121 76.4604
0.0912635 -0.0150323 91.1328
0.0302803 -0.0158256 122.173
-0.0416705 -0.0125375 159.602
-0.0872378 -0.00972116 183.976
-0.011152 -0.023871 120.548
0.00218219 -0.0128905 110.946
0.00126238 -0.0121166 111.391
-0.00652882 -0.0154295 116.812
-0.0200602 -0.00801573 123.982
-0.00331852 0.00493438 111.512
-0.00294768 0.00484274 111.516
-0.00115309 0.00460721 111.483
0.00154505 0.00447984 111.346
0.00778698 0.00113181 111.499
0.0173813 0.000186412 110.783
0.0237348 -0.000907884 110.306
0.029309 -0.00616922 110.632
0.0165847 -0.007741 112.78
0.0106723 -0.00771387 113.68
0.00264521 0.0181574 129.634
0.00348993 0.0204114 129.051
0.00670616 0.0177675 128.824
0.00550864 0.0105675 130.487
0.00132697 0.00933635 131.782
0.00110333 0.00815091 132.064
0.00359442 0.00586533 131.783
0.0023531 0.00708939 131.947
-0.000435795 0.00592684 133.086
-0.0038249 0.00747738 133.941
-0.00564871 0.00713415 134.691
-0.0113397 0.00878168 136.549
-0.0144555 0.0112507 137.296
-0.0143168 0.0167023 136.161
-0.0388479 -0.00959724 135.184
-0.0126507 -0.0120098 123.764
0.117504 -0.0252012 79.8959
0.0954955 -0.0144973 88.8349
0.038982 -0.0155982 117.627
-0.0226909 -0.0162789 150.115
-0.0667082 -0.0137368 173.304
-0.0130497 -0.0199341 120.922
0.00463131 -0.0159645 110.048
0.00540933 -0.0127376 109.003
-0.00416828 -0.014493 115.222
-0.00932729 -0.00926413 117.449
-0.00356485 0.0010615 112.283
-0.00322991 0.000746821 112.337
-0.00183995 0.000303528 112.366
0.000749857 -0.000274323 112.323
-9.48208e-05 -0.00702749 114.021
0.0123994 -0.00350589 111.986
0.0184703 -0.0117648 113.039
0.0250657 -0.0104891 112.003
0.0185817 -0.00939967 112.782
0.010519 -0.00795231 113.759
0.00504806 0.00928356 130.974
0.0037264 0.00907178 131.258
0.00197682 0.007229 131.998
0.00234536 0.00407399 132.547
0.00228597 0.0038937 132.609
0.00141141 0.00355994 132.884
0.00255871 0.00111788 133.042
0.00248336 0.00200793 132.893
-0.000636031 -0.000600158 134.422
-0.00300263 0.000950097 134.928
-0.00554632 -0.00280506 136.613
-0.00874433 0.000893744 137.092
-0.00763189 0.00350599 136.116
-0.0130796 0.0150149 136.054
-0.0425107 -0.0169193 138.275
-0.0131331 -0.0167607 124.955
0.118665 -0.0192662 78.0299
0.0975849 -0.0215767 89.1763
0.0341604 -0.0171328 120.424
-0.0384058 -0.0204161 159.312
-0.0682852 -0.0179269 174.894
-0.0037652 -0.0173279 115.08
0.00790467 -0.0191917 108.781
0.00861328 -0.0179024 108.135
-0.00285802 -0.015756 114.76
-0.010655 -0.0145373 119.399
-0.00400031 -0.00221986 112.997
-0.00373449 -0.00262688 113.08
-0.00241362 -0.00306642 113.121
-0.00043307 -0.00293992 112.975
0.00393203 -0.00287924 112.631
0.00974754 -0.00495866 112.534
0.0197043 -0.00632972 111.686
0.0221899 -0.00758853 111.746
0.0205436 -0.0138051 113.434
0.0130325 -0.0100532 113.777
0.00746702 -0.000610838 132.659
0.00319352 0.000671521 133.236
-1.35776e-05 0.000662943 133.929
0.00063225 -0.000825162 134.085
-0.000351187 -0.0018915 134.615
3.80103e-05 -0.00210096 134.55
-0.000660448 -0.0024005 134.818
0.000193165 -0.00482349 135.11
-0.00164071 -0.0042966 135.588
-0.00287373 -0.00255117 135.599
-0.00508452 -0.000705444 135.962
-0.00389216 -0.00138152 135.641
-0.00136495 0.00514355 133.187
-0.00471273 0.0125804 132.956
-0.0443474 -0.0142516 138.532
-0.0149242 -0.00992875 124.268
0.114307 -0.00654871 77.289
0.102634 -0.0136866 84.839
0.0378423 -0.0142869 117.848
-0.0193378 -0.0155917 148.046
-0.0699928 -0.00601792 173.141
-0.00446537 -0.00920924 113.734
0.00382891 -0.0131761 109.842
0.00554074 -0.0190337 110.225
-0.00226105 -0.0200206 115.32
-0.0102433 -0.0173501 119.681
-0.00441727 -0.00509313 113.676
-0.00407901 -0.00543774 113.748
-0.00237008 -0.00558498 113.705
0.00132901 -0.00513107 113.355
0.00098738 -0.0256978 118.566
0.00758844 -0.00587802 112.987
0.0196397 -0.00764374 112.121
0.0152472 -0.00918402 113.096
0.0171108 -0.013829 113.949
0.018473 -0.0121579 113.298
0.0089496 -0.00680994 133.773
0.00402049 -0.00778951 135.062
-0.000514515 -0.0105518 136.717
-0.00168842 -0.0107874 137.024
-0.000200105 -0.0147424 137.613
0.00108593 -0.0134257 136.916
8.07982e-06 -0.0101896 136.434
0.00246668 -0.00894143 135.367
-0.000528604 -0.00682059 135.829
-0.002651 -0.00426638 135.924
-0.00251457 -0.00161419 135.223
-0.00314684 -5.50987e-05 135.048
0.00450494 0.0025521 131.383
0.00225947 0.00652712 131.393
-0.0189389 -0.0116904 126.531
-0.00748566 -0.00520682 119.771
0.1104 -0.000590286 77.8133
0.092185 -0.00109181 87.0249
0.020731 0.00144399 122.973
-0.0361701 0.000287734 153.402
-0.0623161 0.00239355 167.055
-0.00410191 -0.0111375 114.001
0.00138053 -0.0119281 111.039
0.00157835 -0.013093 111.248
-0.0062301 -0.0106218 115.427
-0.00213168 -0.012875 113.425
-0.00469148 -0.0080192 114.421
-0.00439034 -0.00827385 114.477
-0.00287921 -0.00848345 114.465
-0.000634648 -0.00813246 114.241
0.00416811 -0.00852796 113.98
0.00939727 -0.00747997 113.205
0.0170069 -0.00757358 112.358
0.0174967 -0.00656412 112.059
0.0144832 -0.0070087 112.591
0.0199463 -0.00394777 110.884
0.00316194 -0.000883071 133.281
-0.00192658 -0.0150742 138.072
-0.00276512 -0.0175779 138.932
-0.00082372 -0.0180216 138.541
-0.00183098 -0.0203333 139.414
0.000919538 -0.0148159 137.233
0.00711075 -0.0181158 136.281
0.00252067 -0.0129952 136.35
0.00389424 -0.0110818 135.397
0.00223418 -0.00744197 135.006
0.000814304 -0.00270269 134.258
-0.00161849 7.091e-05 134.439
0.00525133 0.00375316 130.739
0.00169058 0.0050055 131.952
-0.0261151 -0.00134596 127.16
-0.00895381 -0.00414008 120.182
0.107017 0.00791824 77.2642
0.101607 0.0102046 79.4791
0.0435545 0.00804879 109.521
-0.00703682 0.0145424 134.317
-0.0584215 0.00575981 164.216
-0.0134318 -0.0133873 119.904
0.0014576 -0.0157761 111.977
0.0039338 -0.0147092 110.259
0.00251121 -0.0048837 108.598
-0.00545852 -0.01201 115.379
-0.00485581 -0.0115036 115.371
-0.00453295 -0.0116666 115.404
-0.00280683 -0.0114625 115.267
0.000159303 -0.0107586 114.885
0.0107843 -0.0197536 116.573
0.0117667 -0.00852206 113.276
0.0177814 -0.00202615 110.764
0.0196979 0.00566194 108.414
0.0193369 0.00689839 108.076
0.0255313 0.0114137 105.815
-0.011738 0.0247245 129.03
-0.00877592 0.0224229 129.059
-0.00253266 0.0188506 128.751
-0.00394088 0.0168067 129.626
0.00220177 0.0111856 129.655
0.0029972 0.0162624 128.021
-0.00231431 0.00614624 132.395
-0.00336492 0.0119605 131.139
0.00808295 0.00914952 128.302
0.00344602 0.00591089 130.852
0.000118051 0.00649733 131.933
-0.00109735 0.00546697 132.695
0.00975827 0.00983318 127.209
0.00955965 0.0159154 125.624
-0.0156548 -0.000245484 122.079
-0.00498751 0.00530147 115.716
0.110298 0.0119265 74.6613
0.102486 0.0105647 79.0539
0.0404927 0.00877432 110.949
-0.0375162 0.0114061 151.446
-0.0949643 0.0100455 182.929
-0.0190198 -0.0120959 122.646
0.00354161 -0.0165405 110.866
0.00855911 -0.015435 107.67
-0.00253693 -0.0181713 115.335
-0.0151294 -0.0173818 122.915
-0.00489877 -0.0158072 116.619
-0.00468819 -0.0158511 116.621
-0.00296686 -0.0156879 116.495
-6.57078e-05 -0.0147468 116.042
0.00830443 -0.0127531 114.818
0.0223203 -0.0110175 113.007
0.028905 -0.00230632 109.744
0.0203378 0.00465087 108.771
0.0221015 0.00871235 107.247
0.0235817 0.0109721 106.364
-0.00351309 0.0422473 122.594
-0.00597485 0.0466494 121.72
-0.00607387 0.0465422 121.785
-0.00852337 0.0451339 122.743
-0.00494956 0.0418204 122.824
-0.000509922 0.0343986 123.846
-0.000590637 0.0323223 124.456
0.00162009 0.0318086 123.915
0.0036885 0.0303413 123.684
0.00228106 0.0232922 126.274
0.000316727 0.0232807 126.977
0.00220172 0.0218294 126.678
0.0157337 0.0231315 120.91
0.0182596 0.0260296 119.053
-0.00697649 0.023826 111.207
-0.00466721 0.0265624 109.395
0.117456 0.00858877 72.1472
0.0971814 0.011521 81.4587
0.0432872 0.0123014 108.515
-0.019009 0.00907446 142.247
-0.0709908 0.0124888 169.212
-0.0141981 -0.0136002 120.374
0.00121799 -0.00994354 110.355
0.0102526 -0.0131535 105.934
0.00175877 -0.0161778 112.12
-0.013104 -0.0109316 119.802
-0.00477357 -0.0207368 118.132
-0.00435274 -0.020737 118.114
-0.00199917 -0.0192446 117.534
0.00237095 -0.0169569 116.541
-0.00223242 -0.0325599 122.105
0.0259559 -0.014824 113.822
0.0346891 -0.0161657 113.304
0.0288812 -0.0120661 112.768
0.025027 -0.00730841 111.714
0.0325058 -0.000312273 108.302
0.00758371 0.0216932 126.929
-0.00448657 0.0364196 124.592
-0.00426343 0.0351385 124.906
-0.00661691 0.0428358 123.062
-0.00438877 0.0445083 121.915
-0.000331728 0.0426074 121.383
-0.00121898 0.0419771 121.81
7.7053e-05 0.042744 121.141
-0.00125105 0.0422929 121.725
-0.00195942 0.0387527 123.077
-0.003366 0.0381364 123.801
-0.00238224 0.0355433 124.261
0.00886753 0.0275404 122.325
0.00872564 0.0252521 123.213
-0.0031991 0.0389385 104.796
-0.00143103 0.0362332 104.94
0.134073 0.00491271 65.2285
0.106152 0.0110754 77.0841
0.0413232 0.00926845 110.431
-0.0234894 0.015058 142.68
-0.0562387 0.00773717 162.653
0.00687478 -0.00540247 105.711
0.00388529 -0.00094104 106.008
0.00161461 -0.00252425 107.856
0.00495203 -0.00693158 107.117
-0.0017326 -0.0051897 110.732
-0.00489369 -0.0256437 119.723
-0.00416012 -0.0262097 119.886
-0.00102149 -0.0258268 119.626
0.00324811 -0.0234141 118.566
0.0142714 -0.0186866 116.172
0.0289678 -0.016584 114.106
0.0345792 -0.0152725 113.002
0.032382 -0.00853182 111.101
0.0309421 -0.00441116 109.836
0.041525 0.00243479 105.972
0.0339908 -0.00614939 131.01
0.00831058 0.0295507 124.14
0.00165664 0.0361329 123.231
-0.000669783 0.0382388 123.077
0.00101962 0.0449457 120.339
-0.00383639 0.050552 119.686
0.00124542 0.0535995 117.147
-0.000598215 0.053714 117.671
-0.000927962 0.0469077 120.037
-0.00391519 0.0499461 120.027
-0.00566359 0.0525122 119.835
-0.00879677 0.0504359 121.723
0.00159222 0.0417417 120.522
0.0100437 0.0310292 120.61
0.117721 0.0702503 40.3776
-0.00867829 0.0533971 102.69
0.134018 0.0236411 59.1896
0.0897954 0.0251211 80.532
0.0356373 0.0117432 112.533
-0.0291943 0.0171201 144.903
-0.0877852 0.0258427 173.96
0.0112416 0.00281603 100.605
0.00777499 0.0116181 99.7125
-0.00204578 0.010895 105.707
0.00304519 0.0151025 101.165
-0.01005 0.000379362 114.262
-0.00588539 -0.0294163 121.018
-0.00483682 -0.0307292 121.445
0.00034302 -0.0317702 121.592
0.00981275 -0.029185 120.087
0.0253272 -0.0260479 117.743
-0.00178125 0.0153304 105.671
0.0403867 -0.0196098 113.949
0.0369085 -0.000670977 107.737
0.032478 -0.00428479 109.594
-0.0376898 0.590105 -63.0599
-0.0581476 0.696125 -96.721
0.000384712 0.0468301 119.744
0.00478242 0.034509 123.004
0.00431284 0.0404826 120.989
0.00500639 0.0699903 110.586
0.000761924 0.0723807 110.847
0.00338022 0.0774464 108.225
0.000992172 0.0770186 109.125
-0.00405255 0.0579727 117.269
-0.000732731 0.0629956 114.436
-0.00460268 0.113956 98.1744
-0.012289 0.0615128 119.277
-0.0021114 0.0912103 104.995
-0.0171766 0.056124 123.694
-0.00953033 0.883208 -176.216
-0.00156524 1.04615 -239.139
0.128999 0.0629975 48.1401
0.0572885 0.0665792 82.331
0.0354426 0.032573 105.387
0.00897729 0.026447 121.214
-0.0569424 0.0308034 155.198
-0.117177 0.0490408 182.201
0.198703 0.454371 -144.854
-0.00206439 0.00867577 106.52
0.00475649 0.0114742 101.342
-0.0305042 -0.00312837 128.463
-0.00764024 -0.0317407 121.864
-0.00670354 -0.0336211 122.529
-0.0022207 -0.0358707 123.174
0.00674888 -0.0374757 123.254
0.0198684 -0.0387796 122.791
0.0363833 -0.0364678 120.44
0.0543402 -0.0326689 117.127
0.0670773 0.0093291 100.213
0.0492413 -0.0152769 140.575
0.0299235 0.0137507 132.92
0.0278742 0.0457123 121.363
0.025153 0.0755951 110.6
0.021699 0.0184624 132.85
0.00732313 0.0539831 122.793
0.00584867 0.0313744 131.677
0.00979663 0.0298897 131.215
0.020707 0.0628025 115.509
0.00671049 0.0408976 128.026
0.00217508 0.036026 131.486
0.00944865 0.0492683 123.978
0.018499 0.130399 90.0064
0.0166702 0.111791 97.6301
0.0170428 0.0901379 105.59
0.00390404 0.0403895 129.852
0.00519338 0.0441259 127.981
0.016459 0.0786186 109.653
0.0153642 0.0482403 121.765
0.0192481 0.0801455 108.103
0.0123341 0.0416546 125.74
0.0234149 0.109992 93.1424
-0.00644327 0.0191347 145.081
-0.0560623 0.857478 -141.437
0.0134882 0.855728 -180.816
0.100536 0.637663 -151.813
0.0483713 0.11479 74.6376
0.067106 0.0738178 78.3345
-0.00979708 -0.0325287 122.174
-0.00919973 -0.0343904 122.873
-0.00535107 -0.0368847 123.675
0.00425596 -0.0402076 124.401
0.0232407 -0.0448923 124.781
0.0491768 -0.0436386 121.84
0.0858028 -0.0280342 111.805
0.0892007 -0.0129796 105.988
0.0557628 -0.0202822 141.422
0.0567881 -0.0111413 137.77
0.0404135 -0.0021071 137.14
0.0257572 0.00711704 136.331
0.015431 0.00331495 140.07
0.00883842 0.0124769 138.035
0.0110871 0.0133811 137.098
0.0133611 0.0271893 131.123
0.0153432 0.0157555 134.969
0.00840439 0.0167709 136.675
0.00829337 0.0127291 138.277
0.0129257 0.0270784 131.116
0.0279629 0.0339993 122.902
0.0113277 0.0276266 131.631
0.00791917 0.019795 136.024
0.00368463 0.0196559 137.831
0.009105 0.0568161 121.053
0.0199137 0.0310397 126.279
0.0161759 0.0265883 129.717
0.00999094 0.0173202 136.266
0.0122074 0.0153953 135.88
0.0103952 0.0356265 128.977
0.012621 0.0309832 129.693
0.0117671 -0.00126423 142.793
0.0100178 0.00805407 140.208
-0.0101023 0.0408 139.564
-0.00735289 0.0281278 142.885
0.0454768 0.0555119 99.1086
-0.0114384 -0.0318322 121.903
-0.0111171 -0.0328204 122.286
-0.00798932 -0.0341389 122.682
0.000385557 -0.0357813 122.85
0.0176683 -0.0374536 122.201
0.0518121 -0.0375393 118.982
0.0939666 -0.0475688 118.564
0.10261 -0.0473609 117.745
0.0572183 -0.0294484 144.827
0.0596619 -0.0227687 141.835
0.0362938 -0.0220829 145.719
0.02956 -0.0178009 145.339
0.0259267 -0.0105996 143.183
0.0124871 -0.00156155 142.653
0.0151693 -0.00260693 142.365
0.00701856 -0.00891348 147.195
0.0112561 -0.0209113 150.816
0.0106849 -0.00643744 145.147
0.00810742 -0.00148005 143.941
0.0122757 0.00155623 141.344
0.0136154 -0.00632893 144.079
0.0106689 -0.00781775 145.831
0.00967091 -0.0026828 144.149
0.0128382 -0.000286848 141.841
0.0129585 0.0153158 135.466
0.0138761 0.0013827 140.728
0.00948706 0.00181212 142.629
0.0128049 0.00131713 141.164
0.015879 0.00563281 137.864
0.0151285 0.00523722 138.429
0.011794 0.0018096 141.589
0.014809 0.000548999 140.374
0.0142613 0.00101783 140.58
0.0137028 0.012646 136.168
-0.00495368 0.014175 146.95
0.0195401 0.023574 127.931
-0.0117848 -0.0300951 121.176
-0.0115157 -0.0296758 120.979
-0.00828472 -0.0291762 120.618
0.000865349 -0.0282061 119.657
0.0196402 -0.0252991 116.984
0.0536426 -0.0131388 108.613
0.0860217 -0.034425 113.679
0.104652 -0.0245861 108.019
0.0631849 -0.0331345 145.368
0.0636306 -0.0263968 142.642
0.0315736 -0.02309 146.909
0.0324073 -0.027083 148.621
0.0363021 -0.0063383 139.023
0.0195861 -0.00868348 143.869
0.00828429 -0.00319986 144.386
0.0121853 -0.0070144 144.903
0.011549 -0.0140297 147.82
0.0129366 -0.0151101 147.975
0.0118335 -0.0123356 147.157
0.0118836 -0.00605636 144.457
0.019309 -0.00217119 140.046
0.0191711 -0.00345176 140.591
0.0150404 0.000855723 140.296
0.0137944 0.00427429 139.42
0.0131279 0.0106646 137.016
0.0115379 0.00468851 140.261
0.0133401 -0.000885126 141.751
0.00909877 0.0114841 138.465
0.0190551 0.00416803 136.574
0.0163621 0.00375709 138.132
0.0147975 0.00473682 138.513
0.012082 -0.00140545 142.604
0.020885 0.00216485 135.928
0.0272486 0.0172002 125.816
-0.0609686 0.0403022 169.93
-0.0514539 0.418922 3.06634
-0.0105101 -0.028048 120.27
-0.0101289 -0.0262008 119.43
-0.00649541 -0.0240369 118.305
0.00374312 -0.0218176 116.71
0.0244593 -0.0201701 114.408
0.0570889 -0.0202809 111.456
0.0940598 -0.0271064 110.535
0.0843724 -0.0504146 122.285
0.0644685 -0.0256279 141.919
0.0619754 -0.0241157 141.759
0.0760891 0.393126 -26.5269
0.0275301 0.392789 -16.1713
0.00389162 0.481807 -50.8972
0.0116552 0.509239 -64.9545
0.00991388 0.512534 -66.1289
0.0360798 0.52688 -79.316
0.0356939 0.0024901 133.196
0.0297482 0.00681582 132.956
0.00340615 0.00734563 141.42
0.00307619 -0.00255508 146.144
0.0135658 -0.017019 148.519
0.0232886 -0.0179795 145.242
0.0223785 -0.0108291 142.251
0.0293882 -0.0080934 138.055
0.0138066 0.00602261 138.684
0.00298436 -0.0111476 150.906
0.0243503 -0.00992621 140.247
0.0202996 0.00109178 137.308
0.0152916 -0.00820008 143.973
0.0160562 -0.0218151 149.539
0.0096336 -0.0178123 151.273
0.0199336 -0.00773321 140.83
0.0388973 -0.00857195 130.046
0.0353221 0.00409464 126.804
-0.0214807 0.0084658 160.035
-0.0834767 -0.0468546 222.123
-0.00794061 -0.0265213 119.554
-0.00735833 -0.0238134 118.28
-0.00383089 -0.0206591 116.669
0.00471142 -0.0183699 115.108
0.0207625 -0.0203388 114.804
0.045654 -0.028062 116.085
0.0747803 -0.0550782 125.323
0.0726373 -0.0684827 132.018
0.0706685 -0.078302 136.801
0.0712732 -0.0772882 136.235
0.0822769 0.40785 -34.4828
0.0671368 0.406791 -30.8044
0.0330973 0.461237 -48.3357
0.0239453 0.490719 -59.5902
0.0222091 0.50406 -65.4366
0.0122016 0.506802 -63.9279
-0.00297163 0.507102 -59.5817
-0.0082499 0.532592 -69.9563
-0.00293653 0.0447193 126.918
-0.00606848 -0.00940213 152.496
0.0123759 -0.0879626 181.694
0.0233528 -0.0102167 141.813
0.0324216 -0.00626332 136.255
0.0263925 0.0147202 129.124
0.0218541 0.0139026 131.41
-0.000391017 0.0240271 136.69
-0.000809721 -0.00408572 149.587
0.0245824 -0.0187974 144.419
0.0110445 -0.0125265 147.939
0.00789879 0.03612 127.488
0.00643723 -0.0270487 157.107
0.0321907 -0.0378226 147.716
0.041804 0.00938836 120.083
0.0297493 0.0106673 127.113
-0.00230039 -0.0174321 159.923
-0.127605 -0.043858 249.137
-0.00521525 -0.0260051 119.284
-0.00428057 -0.0232047 117.914
-0.00115951 -0.0198738 116.191
0.00367079 -0.0178028 114.928
0.00763868 -0.0203885 115.889
-0.34349 0.284375 -4.06146
0.0689708 -0.0713554 133.501
0.0794182 -0.0777418 135.197
0.0750148 -0.0785738 136.237
0.0737593 -0.0770135 135.686
0.177222 -0.0613945 129.608
0 0.139276 42.5486
-6.36634e-14 0.00191532 131.767
-6.36634e-14 0.00191532 131.767
0.0160844 0.509389 -66.1312
0.00639144 0.516006 -66.3454
-0.00692238 0.510537 -60.1075
0.010718 0.541412 -80.3177
-0.0207822 0.566597 -81.7001
-0.0158822 0.615453 -106.489
-0.0569068 -0.243527 279.806
-0.0366291 0.367918 18.638
-0.0197316 0.339095 25.4407
0.018735 0.302105 26.9631
0.0111131 0.379834 -6.21799
-0.018448 0.0286848 143.053
-0.0390787 0.296828 3.46748
-0.0341913 0.282088 8.11953
-0.0222054 0.264539 10.7142
-0.0187451 -0.417192 353.766
0.0308509 -0.46804 351.09
0.0614715 -0.621312 406.908
0.184791 -0.0939572 83.8737
0.0327951 -0.00145531 130.615
-0.059071 -0.0316105 201.041
-0.137481 -0.102383 283.1
-0.00161033 0.269676 7.62053
-0.00161033 0.269676 7.62053
-0.00161033 0.269676 7.62053
-0.00161033 0.269676 7.62053
-0.00161033 0.269676 7.62053
1.01172 -0.0078125 2.12109
-0.00370945 0.22502 30.6878
0.0743506 -0.077462 135.785
0.0308109 0.217791 28.9943
0.17469 -0.0656299 132.157
0.614932 -0.0560214 47.3844
-0.00610948 -0.0738498 179.971
-0.00805961 -0.0508911 168.945
-0.00636696 -0.0271145 156.687
-0.0152471 -9.5218e-07 145.493
0.0127964 0.0292013 123.019
0.0592093 -0.0236904 136.117
0.0486135 -0.0498821 152.664
-0.0494635 -0.111839 210.508
-0.00892504 -0.228783 254.275
-0.0631514 -0.248561 283.973
-0.0627301 -0.223307 270.896
-0.0305885 -0.113283 203.385
-0.0536271 -0.164292 248.802
0.0122288 0.0785875 88.7192
-0.00562694 0.149365 61.5269
-0.0332188 0.274802 11.9169
-0.0333879 0.296338 0.803735
-0.0027975 0.241654 11.7366
0.169671 0.655049 -282.277
0.145095 0.19041 -40.9759
0.206694 -0.0572869 48.0035
0.156591 -0.141447 118.68
-0.0335436 0.0112575 164.677
0.294989 -0.119507 16.5062
0.0688398 -0.115645 157.7
0.00203249 0.0254044 184.49
0.00201841 0.0279692 183.185
0.0019376 0.0330671 180.594
0.0017874 0.0406503 176.742
0.00160779 0.0506542 171.663
0.00148098 0.0629978 165.391
0.00152257 0.0775831 157.96
0.0018633 0.0942952 149.409
0.00261906 0.113002 139.775
0.0037968 0.133557 129.119
0.00537983 0.155795 117.512
0.00728165 0.179542 105.047
0.00901729 0.204611 91.9137
0.00999901 0.230806 78.358
0.0094676 0.257923 64.7044
0.00655078 0.285748 51.3532
0.000346737 0.314057 38.764
-0.00997707 0.342624 27.4262
-0.0264649 0.345145 31.5522
-0.0525997 0.339315 43.5729
-0.0304885 -0.253268 274.164
-0.0185712 -0.1819 233.264
-0.00585399 -0.103922 188.658
-0.0150635 -0.0297762 155.058
0.0237321 0.0681396 88.8454
0.0178103 0.114882 68.013
-0.00654917 0.212986 29.8
-0.0474142 0.257351 27.1937
0.496599 0.212408 -225.86
0.151139 0.294029 -89.536
0.176225 0.392438 -153.871
0.199229 -0.0121251 29.6954
0.16328 -0.0783377 83.7941
0 0 -1
0.0855511 -0.097195 138.012
0 0 -1
