-0.0159912 0.0746869 103.008
-0.0148585 0.0764461 102.94
-0.00722687 0.0785986 102.585
0.0104334 0.0810474 101.525
0.0394011 0.0834526 99.3119
0.0700062 0.0896569 96.3742
0.128994 0.0400432 90.9505
0.120166 -0.0614589 93.3652
0.0823673 0.022598 97.558
0.0664971 0.0497061 99.773
0.0696873 0.0653033 99.028
0.0545272 0.0351688 102.269
0.0304202 0.0214117 107.657
0.0227417 0.00287109 109.564
0.0265781 -0.00123062 108.621
0.0241057 0.00639798 109.194
0.0119034 0.0287249 112.487
0.0178409 0.0179773 110.631
0.0151096 0.0374723 111.502
0.00702802 0.0445782 114.193
0.00648568 0.034933 114.473
0.00243496 0.0312997 116.059
-0.0100884 0.0168719 121.204
0.00546188 -0.000192273 114.844
0.0142351 -0.0294098 111.391
0.0161869 -0.0275234 110.551
0.00775254 -0.0180871 114.398
0.00779363 -0.0133482 114.29
0.0177681 -0.0186672 109.267
0.0198208 -0.0286131 108.343
0.0149602 -0.0170996 110.859
0.0182606 -0.00788589 108.849
-0.357881 -0.00559314 326.703
0.0500227 -0.0329425 83.5738
0.0493277 -0.0484847 84.1893
0.039052 -0.0519477 90.7022
-0.014011 0.0727472 103.027
-0.0126911 0.0749543 102.912
-0.00453566 0.0776625 102.481
0.0161067 0.0806606 101.176
0.0514662 0.0849593 98.2591
0.0819764 0.0837387 95.2009
0.0917871 0.0640974 94.9
0.142672 0.0105584 89.9306
0.0832092 0.0270191 97.827
0.071278 0.0354602 99.4324
0.0554622 0.0387 102.003
0.0361826 0.00955773 106.522
0.0223569 0.00122904 109.773
0.0181175 -0.00341044 110.784
0.0327761 -0.00517674 107.07
0.0321952 0.0259545 113.4
0.0229598 0.0311564 115.875
0.0128102 0.0125464 119.473
-0.000267542 0.0216776 123.373
0.00467917 0.0210099 121.709
0.00324161 0.0198346 122.283
-0.00448925 0.0144079 125.395
-0.0337381 0.0286104 136.727
-0.0115844 -0.000656796 122.049
0.00473081 -0.0157614 115.334
0.0170669 -0.0230914 109.978
0.0157377 -0.0238843 110.631
0.0106966 -0.0178435 112.967
0.0105528 -0.0135535 112.89
0.0164281 -0.0179078 109.887
0.0242509 -0.0192956 105.74
0.0223478 -0.0150334 106.671
-0.377249 -0.0213546 338.611
0.0166775 -0.0247596 103.679
0.0321106 -0.0375812 94.6599
0.0374107 -0.0484493 91.6481
-0.0113208 0.068373 103.164
-0.00965983 0.0707775 102.993
-0.0010425 0.0736811 102.491
0.0174542 0.0767411 101.278
0.045584 0.0788753 99.0674
0.0671747 0.0835536 96.8096
0.220232 0.0421722 81.4417
0.0965888 0.049976 94.9342
0.0700345 0.0325652 99.6987
0.0578243 0.0224597 102.093
0.0350277 0.00777508 106.892
0.0251063 -0.00175251 109.189
0.0182772 -0.00651429 110.947
0.0121845 -0.00472271 112.245
0.0185498 -0.0104977 110.87
0.0194456 0.011157 117.537
-0.0249251 -0.0162974 124.158
0.000535824 -0.0104072 116.013
0.00608213 -0.0165102 114.576
0.007711 -0.0119848 113.769
0.008351 -0.0110615 113.493
0.00131176 0.0147576 123.069
-0.00420947 0.0139933 125.295
-0.0132496 -0.00991093 123.02
0.00207874 -0.0143527 116.549
0.00804322 -0.0136626 113.827
0.0120841 -0.0157295 112.018
0.0189988 -0.0191504 108.791
0.0160793 -0.0153173 110.149
0.0141476 -0.0115722 110.925
0.0196284 -0.0152582 108.15
0.00182043 -0.0119598 118.131
-0.353655 -0.0653052 326.612
-0.00220434 -0.0383896 115.73
0.0187268 -0.0344489 102.827
0.0285532 -0.0399871 96.9479
-0.00883276 0.0616891 103.507
-0.00704008 0.0635833 103.323
0.00170453 0.0654729 102.83
0.020476 0.0663158 101.689
0.0455553 0.0647572 99.8704
0.064667 0.0639017 98.0956
0 0 -1
0.076583 0.0482932 97.8142
0.071601 0.0343446 99.3342
0.044501 0.0190788 104.542
0.0254034 0.00259197 108.952
0.018283 -0.00440003 110.732
0.0210779 -0.00869403 110.442
0.0110669 -0.00404244 112.483
0.0109806 -0.0065626 112.623
-0.00479614 0.0086681 124.501
-0.0109029 -0.0170035 119.901
0.00197394 -0.0129786 115.677
0.00705103 -0.0141992 114.113
0.00968872 -0.0174999 113.43
0.0123982 -0.00914803 111.863
0.0112999 -0.00713804 112.138
-0.00038088 0.00979651 123.83
-0.0246941 -0.0109925 128.006
-0.000854161 -0.0152079 117.83
0.0103892 -0.0103118 112.571
0.01182 -0.00983504 111.856
0.0154064 -0.01142 110.182
0.0187875 -0.0161112 108.827
0.0152427 -0.00933804 110.271
0.0131911 -0.0118476 111.552
-0.00559143 -0.0148122 122.368
-0.186426 -0.0274425 226.217
-0.00701322 -0.0263223 118.076
0.0154319 -0.0297846 104.666
0.0209891 -0.0370055 101.684
-0.00719095 0.0529698 104.125
-0.0055394 0.053911 103.989
0.00216306 0.0543693 103.626
0.0173727 0.0531349 102.852
0.038799 0.0485966 101.619
0.0556849 0.0446101 100.332
0 0 -1
0.0618905 0.0246423 101.388
0.0535027 0.0164023 103.196
0.0344836 0.00413768 107.29
0.0185447 -0.000404564 110.47
0.0152859 -0.00522526 111.411
0.0231951 -0.0107634 110.127
0.020659 0.00406923 109.503
0.0112263 -0.000434425 112.115
-0.00768194 0.000635789 125.789
-0.027099 -0.00177345 123.713
-0.00459882 -0.00195597 116.896
0.00254601 -0.0114737 115.38
0.0118778 -0.0123824 112.252
0.0170803 -0.0148413 110.51
0.0295129 -0.00999853 105.38
0.0110703 0.00873724 119.167
-0.02949 0.0010681 129.045
-0.00187395 -0.00415318 117.428
0.0148877 -0.012908 110.669
0.0108534 -0.00835858 112.242
0.0113001 -0.00929662 112.084
0.0185465 -0.0124214 108.639
0.022434 -0.0114219 106.534
0.0136389 -0.00847079 111.08
0.0123856 -0.00913123 111.825
-0.0368442 -0.0699512 139.22
0.00281025 -0.0263716 112.201
0.010125 -0.0202497 107.316
-0.00772463 -0.0255007 118.952
-0.00668196 0.0429248 105.026
-0.00536685 0.042964 104.973
0.00129741 0.0423662 104.747
0.0158592 0.0399205 104.142
0.03606 0.033421 103.217
0.0508121 0.0254451 102.521
0 0 -1
0.0526814 0.0158891 103.392
0.0408695 0.00467339 106.192
0.0324018 0.00245319 107.735
0.0145616 -0.0016646 111.351
0.012493 -0.00334694 111.809
0.0274988 -0.00318751 108.454
0.0323082 0.0338735 111.835
0.0174389 0.0172016 117.432
0.0101765 0.0135017 119.828
-0.00012824 0.0222671 122.022
-0.00620692 0.0477325 121.194
0.0055128 0.0500071 117.098
0.0104502 0.0278178 117.769
0.0125863 0.0235997 117.511
0.00572524 0.0194755 120.605
-0.00507391 0.0154331 125.317
-0.0147243 0.0157051 129.256
-0.0138733 0.00656706 121.991
0.000139694 -0.00615361 116.832
0.0142381 -0.0150012 111.168
0.0141364 -0.0113539 110.876
0.0153634 -0.00956036 110.041
0.0220284 -0.0154118 107.124
0.0157587 -0.0100319 110.071
0.00989112 -0.00647429 113.012
0.00845244 -0.0312256 109.253
0.0151041 -0.0205635 104.217
0.0131096 -0.0202822 105.494
0.000734244 -0.0205887 113.255
-0.00695878 0.032642 106.136
-0.00589674 0.0321197 106.156
-0.000336304 0.0311114 106.036
0.0112493 0.0288341 105.631
0.0287307 0.0241424 104.863
0.0425233 0.019615 104.072
0 0 -1
0.0444108 0.0070958 105.368
0.007977 0.000257248 111.767
0.0348536 -0.000751267 107.674
0.0150297 -0.00337481 111.43
0.0061929 -0.00526 113.348
0.0132734 -0.0084768 112.16
0.0149888 0.0148597 118.304
0.0119937 0.0104317 119.558
0.014469 0.0110866 118.841
0.0118707 0.010894 119.696
0.00194502 0.0222468 121.402
0.0038278 0.0240699 120.504
0.00792375 0.0176495 119.81
0.00721545 0.0108919 120.913
0.00406159 0.0102394 122.246
-0.00725836 0.00869938 126.902
-0.0127239 0.00762292 129.319
-0.0263886 0.0167907 134.174
-0.0076065 -0.00713022 120.541
0.0096164 -0.0102542 112.825
0.0164811 -0.0125774 109.792
0.0142405 -0.00887184 110.514
0.0172979 -0.00988432 108.995
0.0246956 -0.0138983 105.481
0.0172276 -0.00847268 109.089
0.0145229 -0.0109185 103.529
0.0115738 -0.0164437 105.946
0.00898999 -0.0190885 107.864
0.00052545 -0.024249 113.781
-0.00771448 0.023288 107.313
-0.00679733 0.0225011 107.384
-0.00172218 0.0214398 107.308
0.00993424 0.0194475 106.895
0.0269884 0.014964 106.167
0.0380949 0.0113438 105.524
0 0 -1
0.0426228 0.00590621 105.809
0.0315732 -0.00297997 108.54
0.0268959 -0.00496766 109.508
0.014683 -0.00432809 111.598
0.0059081 -0.00783708 113.763
0.00589127 -0.0108394 114.171
0.024457 0.0108077 116.396
0.0157791 0.00881645 118.758
0.0186873 0.0121709 117.54
0.0114672 0.00925186 120.072
0.00319708 0.00926429 122.567
0.00188232 0.011203 122.722
0.00590433 0.00992997 121.48
0.00637184 0.00754059 121.646
0.00323208 0.00747077 122.881
-0.00769869 0.00691553 127.29
-0.0122974 0.0070489 129.188
-0.0258546 0.0135537 134.255
-0.00702604 -0.00777052 120.382
0.00537083 -0.00425133 114.081
0.0180776 0.0017055 107.059
0.0167472 0.00879227 106.848
0.011935 0.0158772 108.398
0.0195311 -0.00632331 107.335
0.0126942 -0.0124984 112.14
-0.0173668 -0.0031869 121.433
0.00441538 -0.0165818 110.326
0.00560558 -0.0160612 109.621
-0.00947255 -0.0205477 119.653
-0.00864561 0.0157542 108.395
-0.00771332 0.0148341 108.502
-0.00301038 0.0137755 108.463
0.00682147 0.0121939 108.135
0.0214918 0.00920443 107.49
0.0325242 0.00694083 106.794
0 0 -1
0.0330351 -0.00351903 108.398
0.0279029 -0.005007 109.445
0.0209823 -0.00574934 110.63
0.00993102 -0.00898078 113.165
0.00588702 -0.0163282 115.002
0.00261068 -0.01566 115.582
0.00598644 0.0107304 120.967
0.0149783 0.0081263 119.059
0.0181126 0.0073035 118.447
0.00876704 0.00508899 121.471
0.00486428 0.00757326 122.252
0.00408444 0.0101002 122.097
0.00307555 0.0108723 122.31
0.00537011 0.00948215 121.695
0.00422591 0.00773043 122.427
-0.00665421 0.0061804 126.967
-0.0103464 0.00681082 128.39
-0.0120438 0.0087655 128.819
-0.00249019 -0.00899938 118.453
0.0258386 0.00991845 102.082
0.0530681 0.0596904 80.9113
0.0144595 0.0700009 98.7786
-0.0100514 0.10028 107.482
-0.00332575 0.00250633 118.614
0.00632364 -0.0128666 115.741
-0.0435574 0.00349312 135.734
-0.00440103 -0.0138386 115.19
0.00945761 -0.0183594 107.568
-0.00939903 -0.0171076 119.165
-0.00976261 0.0106955 109.216
-0.00882835 0.00967554 109.358
-0.00424748 0.00847629 109.369
0.00603075 0.00662939 109.086
0.0206053 0.00286757 108.596
0.0297929 0.00124073 107.962
0 0 -1
0.0311466 -0.00200029 108.412
0.0269285 -0.0074955 110.053
0.0209147 -0.00375042 110.283
0.00796443 -0.0114288 113.915
-0.00275812 -0.0139755 116.388
0.779497 0.0302435 -63.2773
0.00120281 0.011262 122.029
0.0129517 0.0108615 119.111
0.0128234 0.00567604 120.17
0.00919743 0.0052091 121.304
0.00944679 0.0102664 120.331
0.00465594 0.0127982 121.47
0.0026379 0.0139535 121.965
0.00193561 0.0160534 121.866
0.00179057 0.0116249 122.721
-0.0092843 0.00820307 127.701
-0.00936837 0.0088966 127.61
-0.0108316 0.0119146 127.75
0.0316394 -0.00272737 101.486
0.0992707 0.0739521 56.025
0.135614 0.114259 31.2419
0.0494495 0.131185 72.0714
-0.0831132 0.13556 141.553
-0.0977205 0.096956 155.366
-0.00144213 -0.00513355 118.847
-0.0105139 -0.0164558 119.252
0.00199677 -0.0114959 110.913
0.00791643 -0.0204887 108.898
-0.0123024 -0.0189851 121.295
-0.0109464 0.00737803 109.818
-0.0100402 0.00630935 109.991
-0.00584042 0.00498073 110.065
0.00286674 0.00304284 109.93
0.0158209 -9.48909e-05 109.553
0.0256404 -0.00206786 108.989
0 0 -1
0.0331327 -0.0084308 109.39
0.0238655 -0.0061141 110.286
0.00992548 -0.00605409 112.513
0.0069551 -0.0120518 114.125
0.0238053 -0.0119642 110.598
0.84653 0.0367208 -79.1609
0.0399759 0.0267597 109.541
0.0111473 0.0124459 119.434
0.00879682 0.00768071 120.961
0.00943077 0.00620334 121.054
0.0154602 0.00929927 118.619
0.00570998 0.0142105 120.926
0.00222735 0.013052 122.387
0.000191755 0.0135513 122.997
0.0011159 0.0124426 122.875
-0.00416704 0.0142305 124.59
-0.0102043 0.0196636 126.052
-0.00994082 0.0189468 126.069
0.057132 -0.0118026 91.054
0.122978 -0.00965129 59.3626
0.150223 0.0505687 35.8696
0.0894591 0.0652429 64.0574
0.0109196 0.0634309 104.743
-0.162737 0.0458546 200.856
-0.0652759 0.00225001 153.542
-0.00504995 -0.0133452 115.475
0.0028379 -0.00923102 109.996
0.00230025 -0.0117786 110.856
-0.0105135 -0.0115657 118.813
-0.0120587 0.00475964 110.349
-0.0113017 0.00387648 110.507
-0.00743896 0.00262578 110.601
0.00161237 0.000591827 110.494
0.0155543 -0.00332276 110.217
0.0249117 -0.00700035 110.022
0 0 -1
0.026663 -0.00088635 108.639
0.0253878 -0.0107716 110.996
0.00779117 -0.00731647 113.112
0.00470238 -0.00912446 114.002
0.00366488 -0.00855631 114.066
0.0193484 0.0135793 117.264
0.0135211 0.0135284 118.697
0.00427897 0.00738942 122.273
0.00752486 0.00538225 121.794
0.00990286 0.00367543 121.441
0.0147536 0.00510603 119.684
0.00736081 0.00438465 122.328
0.00377347 -0.000207042 124.505
0.000162663 0.00363567 125.016
-0.00272194 0.00420541 125.989
-0.00194664 0.00150201 126.268
-0.00572743 0.00683076 126.752
-0.00878886 0.0112554 127.196
0.023561 -0.0078366 105.962
0.141178 -0.0110452 51.4484
0.192763 -0.0280422 29.8374
0.150705 -0.0196062 49.0742
-0.0818502 -0.0258045 171.697
-0.269685 -0.116338 292.988
-0.0747953 -0.0101003 161.543
0.000735691 -0.0171959 112.872
0.00344504 -0.0109628 109.997
0.00135891 -0.0104549 111.209
-0.00909488 -0.00570693 116.749
-0.0127061 0.00165405 111.037
-0.0121477 0.00134265 111.085
-0.00882493 0.000638444 111.099
-0.00117562 -0.000804703 110.978
0.0110054 -0.00337491 110.639
0.0196293 -0.00620304 110.453
0.121613 -0.00252443 97.5487
0.0243917 -0.00823151 110.501
0.0242804 -0.0118377 111.333
0.0111014 -0.00905055 112.898
0.00406672 -0.0102254 114.387
0.00521468 -0.0113575 114.383
0.0183388 0.00553372 119.315
0.00732821 0.00216492 122.69
0.00396543 -0.000184385 124.052
0.00429146 -0.000345066 123.979
0.0116589 -0.00230218 122.26
0.0126916 -0.00485838 122.526
0.00772208 -0.0103043 125.409
0.00613464 -0.00779754 125.356
0.00172235 -0.00280851 125.801
-0.00163068 -0.00025998 126.491
0.00230913 0.000243037 124.714
0.00238103 0.00397428 123.92
-0.00452093 0.0100687 125.556
0.0597561 0.00426032 86.3329
0.110318 -0.0144166 65.9619
0.188805 0.0224126 20.808
0.0556099 0.0139982 90.6186
-0.0805826 0.0399471 156.183
-0.138904 -0.021095 199.544
-0.0789475 -0.0127599 164.428
0.00572359 -0.0176845 109.906
0.0120099 -0.0185995 106.406
0.00609231 -0.0167378 109.634
0.00853875 -0.00854255 106.24
-0.0124937 -0.0032731 112.206
-0.0121979 -0.00263399 112.033
-0.00938754 -0.00226107 111.815
-0.00166101 -0.00259297 111.434
0.0120116 -0.00443598 110.804
0.0204174 -0.00699081 110.577
0 0 -1
0.0239695 -0.0111558 111.207
0.0220717 -0.0113786 111.561
0.0103294 -0.0156019 114.565
0.00574036 -0.020421 116.484
0.00679768 -0.0170918 115.45
0.0174467 -0.00435951 121.687
0.009837 -0.0075472 124.333
0.00273647 -0.00855172 126.332
0.00339457 -0.00839852 126.111
0.00660835 -0.0107652 125.723
0.0111511 -0.014769 125.298
0.00708325 -0.013841 126.36
0.0117724 -0.0136347 124.699
0.00925478 -0.00851973 124.343
0.000651026 -0.00280662 126.187
0.00185162 0.000598681 124.82
0.0061049 -5.29123e-05 123.233
0.0017001 0.00466294 124.058
0.0347071 -0.00946699 101.36
0.158811 0.0142362 36.9126
0.136004 0.0325533 45.5229
0.0583465 0.0295867 85.9041
0.00396134 0.0262905 115.076
-0.362805 0.0561316 306.861
-0.139172 0.00175638 194.857
0.00344783 -0.00943003 109.331
0.00748004 -0.0143645 108.128
0.00746112 -0.0145171 108.217
0.0161407 -0.0124709 102.286
-0.0110657 -0.0109009 114.137
-0.0108953 -0.00917017 113.668
-0.0084376 -0.00738745 113.088
-0.00211531 -0.00575355 112.283
0.00870273 -0.00455914 111.144
0.0171992 -0.00418675 110.238
0 0 -1
0.0204516 -0.00527621 110.184
0.0183571 -0.00430203 110.301
0.0041178 -0.0104365 114.191
0.00541826 -0.0100464 113.789
0.013721 -0.00917784 111.904
0.0119477 -0.000702136 121.901
0.00691031 -0.00801594 125.05
0.00477849 -0.00908318 125.813
0.00544892 -0.000970662 123.537
0.00541474 -0.00104996 123.518
0.00745011 -0.00687978 124.411
0.00944363 -0.00952725 124.445
0.0114193 -0.0114892 124.292
0.0111087 -0.0111004 124.27
0.00777307 -0.004021 123.664
0.00721423 0.00108853 122.551
0.00753766 0.00681743 120.914
-0.00340243 0.00432244 126.376
0.0587898 0.00343089 86.8553
0.19 0.0391551 15.7491
0.17213 0.0447373 24.0145
0.0498662 0.0208477 92.3577
-0.0304853 0.0231639 134.006
-0.243011 0.0298636 247.002
-0.232299 0.0283698 240.694
-0.00138576 -0.00909809 112.071
0.00493398 -0.0107428 108.771
0.00733891 -0.0108465 107.329
0.0168752 -0.0145516 102.338
-0.00855552 -0.0212576 116.931
-0.00835469 -0.0187289 116.205
-0.00571501 -0.015751 115.249
0.0013005 -0.0122489 113.849
0.0126623 -0.00619208 111.258
0.0182719 -0.00294379 109.803
0 0 -1
0.0199797 0.00412101 107.707
0.0184746 0.00723763 107.123
0.00576012 0.00898151 108.642
0.00408587 0.0142545 107.448
0.00806691 0.0140357 106.712
0.00468963 0.0343981 113.97
0.00258863 0.0329352 114.879
0.00469684 0.0291731 115.367
0.00468115 0.0217225 117.484
0.00193616 0.0188193 119.075
0.00596436 0.0130592 119.448
0.00875571 0.0078052 119.956
0.00775336 0.0280479 114.624
0.00714691 0.0110373 119.651
0.00920966 0.0137902 118.158
0.0110219 0.0133485 117.562
0.0106147 0.0116008 118.305
-0.00184821 0.0161338 122.479
0.0403359 0.0151994 91.8473
0.213407 0.0490611 1.54052
0.132781 0.0267488 48.5148
0.0602836 0.0110183 89.6124
-0.0261866 0.00802814 135.806
-0.188648 0.0104913 223.378
-0.240695 0.0378609 243.267
-0.0238565 -0.00414222 124.001
0.00433944 -0.0155183 110.412
0.00988726 -0.00875406 105.176
0.0114406 -0.00686636 103.67
-0.00551884 -0.0333402 120.395
-0.00502258 -0.0307825 119.608
-0.00177777 -0.0273639 118.445
0.00501444 -0.0225724 116.619
0.0148802 -0.0152782 113.701
0.0214704 -0.00806675 110.974
0.0301365 -0.00169832 108.15
0.0214579 0.00360606 107.806
0.0201065 0.0055081 107.484
0.0158444 0.0124952 106.093
0.0093624 0.0192005 105.182
0.00713852 0.0212009 105.012
0.00521554 0.0404579 112.285
0.000220025 0.0427869 112.742
0.000563019 0.0409872 113.201
0.000776786 0.0405387 113.254
0.000307901 0.0393849 113.76
0.000498491 0.0381624 114.033
0.00529406 0.0344286 113.57
0.00823016 0.0316464 113.45
0.00701433 0.0261618 115.511
0.00496781 0.0230938 117.171
0.00927504 0.0226 115.59
0.0197128 0.019979 112.085
0.00236595 0.0154447 120.994
0.0955761 0.0393559 59.1311
0.454499 0.0313445 -110.012
0.0996479 0.0144825 68.5908
0.047459 0.00781569 97.0991
-0.0287539 0.00863905 136.888
-0.161369 0.0256435 203.821
-0.0786378 0.0236233 154.38
-0.0360667 -0.00508457 131.485
0.00578912 -0.0114577 108.388
0.0131861 -0.00730102 102.653
0.0194454 -0.00154891 97.055
-0.00305643 -0.0452279 124.009
-0.00205462 -0.043713 123.492
0.00266789 -0.041085 122.46
0.0121047 -0.0358559 120.26
0.0247973 -0.0205475 114.455
0.0296818 -0.0159837 112.58
0.0589307 0.00724208 101.813
0.0283456 -0.00392626 109.136
0.0222356 -0.00246418 109.543
0.0191874 -0.00540079 111.01
0.0140926 0.00521852 108.518
0.0181778 0.0122873 105.431
-0.0035228 0.0362614 115.537
0.000328823 0.0351896 115.034
0.000187409 0.0347611 115.204
0.00340786 0.0373026 113.502
0.000133873 0.0386277 114.068
-0.00102853 0.0366706 115.005
0.00510553 0.0370474 112.912
0.00552783 0.035109 113.392
0.00397243 0.0333894 114.462
0.00241123 0.0401649 112.872
0.00351803 0.0330405 114.757
0.00755701 0.0247339 115.754
-0.0208785 0.0167632 130.68
0.158237 0.0329046 31.5864
0.162641 0.0904214 11.7435
0.177839 0.0340547 23.4171
0.0754324 0.0172652 79.8133
-0.044084 0.0138319 143.488
-0.151154 0.0337989 195.627
-0.215088 0.0505895 225.106
-0.0166831 -0.00618482 120.163
0.0117857 -0.00564179 102.895
0.0156151 -0.00269852 99.6375
0.0314935 -0.000101903 88.9573
-0.00229822 -0.0545786 127.015
-0.000698318 -0.0550562 127.122
0.00585543 -0.0546086 126.699
0.0180906 -0.0514275 124.936
0.035222 -0.041442 120.33
0.0485283 -0.0253444 113.686
0 0 -1
0.0404582 -0.00188054 106.842
0.0210791 -1.84187e-05 108.871
0.0154417 0.000651752 109.489
0.0262453 0.00207321 107.157
0.023465 0.00716577 106.071
-0.0182474 0.0360273 118.963
0.00744283 0.025469 116.434
0.00140972 0.0213017 119.306
0.00184428 0.0295689 116.5
0.00550471 0.0259194 116.611
0.000318258 0.0334538 115.674
0.00428591 0.0238001 117.575
0.00358653 0.023903 117.753
0.00749941 0.02887 114.639
0.00761527 0.087568 95.1476
0.00113125 0.0349675 115.079
-0.000584311 0.0346465 115.931
-0.0151274 0.0277693 124.524
0.168192 0.0765931 14.0873
0.149768 0.13332 4.17502
0.108585 0.031177 58.5534
0.0479738 0.00348914 98.3001
-0.0246118 -0.00455801 138.977
-0.108341 0.0635414 161.999
-0.144272 0.133105 158.569
0.114678 0.256982 -33.8923
0.0102901 -0.00833278 104.731
0.0208284 -0.00549043 97.3682
0.159964 0.578348 -181.28
-0.00398337 -0.0590639 128.538
-0.0019907 -0.0616742 129.395
0.00630158 -0.0641509 129.922
0.0220295 -0.064591 129.182
0.0420392 -0.055601 124.553
0.0707506 -0.0461803 118.583
0.0783426 -0.0272897 111.24
-0.0140554 0.358716 -10.7841
0.0146119 0.013851 105.154
0.0162897 0.00344473 108.428
-0.0570753 0.659152 -82.9157
-0.0609329 0.643835 -77.0246
-0.0638716 0.704015 -97.1983
-0.0415181 0.685667 -96.6585
-0.0311997 0.697304 -103.133
-0.00952704 0.778124 -136.885
0.00500291 0.805351 -150.874
-0.00503395 0.819008 -152.752
-0.00765085 0.778353 -137.812
-0.0221838 0.874979 -166.729
-0.0270272 0.805009 -140.579
0.00086891 0.845021 -165.771
-0.0148018 0.849597 -161.066
-0.0209249 0.800236 -141.475
-0.0113421 0.88889 -176.771
-0.0339456 0.818511 -141.458
-0.0302132 0.909616 -175.451
-0.0313042 0.772747 -126.265
-0.0496928 0.720299 -98.0233
-0.0295394 0.680701 -93.9307
-0.00506146 0.799612 -149.818
0.0312517 0.767186 -158.716
0.0366528 0.734839 -150.276
-0.318458 0.813 35.949
0.310239 0.382587 -191.569
0.300273 0.388375 -187.492
-0.00785752 -0.0584382 128.315
-0.00607126 -0.0623935 129.723
0.00277007 -0.0670581 131.076
0.0234182 -0.0716111 131.559
0.0574749 -0.0724345 129.248
0.0879562 -0.0596552 121.614
0.11162 -0.0605759 119.234
0.114805 -0.0502892 115.482
0.0806004 -0.00624536 102.607
0.0237002 -0.00151124 138.098
0.025893 0.0148192 131.727
0.00492024 0.0675355 116.391
0.0152932 0.0691731 113.607
0.0155088 0.0212728 131.593
0.0198412 0.0412388 122.964
0.0178306 0.0515644 119.426
0.0169892 0.064244 114.765
0.0297549 0.0853961 102.704
0.0023155 0.0891171 110.322
0.0312673 0.137081 81.6989
0.0719657 0.0907588 84.0157
0.0155436 0.0576548 117.666
0.0139569 0.0867259 107.173
0.00735046 0.065706 117.891
0.00206372 0.0410809 129.745
0.0293301 0.0727098 105.402
0.0186315 0.0169963 131.557
0.0179988 0.0224211 129.735
0.0176313 0.0232013 129.741
0.0207647 0.0248393 127.377
0.0162234 0.0169642 132.778
0.026603 0.785154 -162.352
-0.0171248 0.842075 -158.044
0.00230997 0.805067 -155.06
0.0968901 0.573751 -127.98
0.285228 0.394732 -180.332
-0.0122415 -0.0529514 126.245
-0.0109227 -0.0567067 127.657
-0.00306904 -0.0615226 129.189
0.0160502 -0.0680392 130.601
0.0497372 -0.0765282 131.371
0.0835054 -0.0743588 127.284
0.111588 -0.0671072 121.9
0.0899575 -0.0268441 108.878
0.116338 -0.0115629 99.453
0.027669 0.00458628 135.175
0.0362816 0.00517497 133.484
0.0265357 0.00949527 133.701
0.0230579 0.0108287 133.798
0.0177668 0.014383 133.685
0.0137248 0.0153128 134.287
0.0111647 0.0141168 135.463
0.0140655 0.0231422 131.126
0.0143296 0.0111013 135.805
0.00877427 0.0204626 133.997
0.0132749 0.0133708 135.201
0.0210661 0.0235956 128.444
0.0201141 0.0110967 133.628
0.0133104 0.0157677 134.433
0.0168262 0.00365884 137.649
0.0177046 0.0152627 132.717
0.0133988 0.0215476 132.257
0.0157225 0.0344854 126.064
0.0166109 0.0194881 131.505
0.0179625 0.0093915 134.812
0.0176568 0.0149046 132.772
0.0187239 0.00776663 134.897
0.0115928 0.00550624 139.891
0.00564882 0.0450191 127.912
0.0194682 0.0439826 120.221
0.00829017 0.0645222 119.172
0.0450749 0.0141556 115.847
-0.0155957 -0.0445342 122.911
-0.0147769 -0.0468301 123.808
-0.00833848 -0.049471 124.594
0.0104622 -0.0534923 125.098
0.0494349 -0.0643864 126.432
0.103089 -0.0657469 121.798
0.122832 -0.0491951 113.427
0.119065 -0.0340561 107.485
0.142475 -0.0248574 100.705
0 0 -1
0.0383517 -0.0118555 139.766
0.0218705 -0.00902798 141.795
0.0250367 -0.00162561 138.108
0.0245756 0.00129198 137.095
0.0123135 0.00523282 138.615
0.0124074 0.000487459 140.402
0.014258 -0.00739693 143.124
0.0123952 -0.0153546 146.925
0.017131 -0.0082424 142.488
0.0119916 -0.00363934 142.343
0.0192745 -0.00377805 139.762
0.0162778 -0.00978743 143.382
0.0180134 -0.00985264 142.653
0.0176586 0.000179242 138.742
0.0173072 -0.00200546 139.736
0.0147725 -0.00262993 141.162
0.0188358 0.00253476 137.081
0.0211017 0.00921794 133.243
0.0147667 0.00212055 139.373
0.0157329 0.00265651 138.58
0.0219036 0.000894207 135.947
0.0146653 0.0023991 139.417
0.0197045 0.0138308 131.827
0.0188869 0.0119732 133.139
0.0249814 0.0107328 129.859
0.0340751 0.00129625 128.017
-0.0169512 -0.0352639 119.06
-0.0158587 -0.0359872 119.322
-0.00914424 -0.0358845 118.983
0.00671308 -0.0341931 117.325
0.0351498 -0.0312239 113.887
0.0932194 -0.0188083 102.989
0.123284 -0.0129826 98.5708
0.13051 -0.0205703 100.101
0.148781 -0.0104316 93.5692
0.144329 -0.0227244 99.5259
0.0597527 -0.0239154 140.541
0.0297303 -0.0166071 143.473
0.0224917 -0.00886052 141.784
0.0274722 0.00324436 135.509
0.0148119 0.0148688 133.936
0.0112261 -0.00842524 144.357
0.0161934 -0.00617472 142.033
0.0136319 -0.00586493 142.521
0.0168424 -0.00782652 142.385
0.0154575 -0.00113558 139.971
0.0124388 -0.00463371 142.676
0.0165545 -0.0112825 144.002
0.0184113 -0.000975358 138.798
0.0173062 -0.00790785 142.164
0.0157986 -0.00443048 141.351
0.0178238 0.00296679 137.274
0.0191358 -0.000937701 138.266
0.0207723 0.00142665 136.45
0.0161986 0.00317927 137.964
0.0189858 0.00223422 136.882
0.0236362 -0.010639 139.737
0.019045 0.00263019 136.689
0.0183635 0.00390174 136.536
0.0228108 -0.000548726 135.676
0.0376763 0.0122423 121.098
0.0199134 0.00706949 134.43
-0.0169794 -0.0270402 115.49
-0.0152892 -0.0271057 115.457
-0.00642543 -0.0261536 114.653
0.0140786 -0.0227646 111.949
0.0503704 -0.0156955 106.086
0.100929 -0.00537551 96.9317
0.13322 -0.0267812 103.244
0.12849 -0.0350869 107.094
0.12686 7.96196e-05 92.5306
0 0 -1
0.0435221 -0.0153237 139.974
0.0344774 0.412519 -26.9062
0.0208151 0.422522 -28.1076
-0.0159183 0.503508 -55.4682
0.00375433 0.517346 -66.5645
0.00156335 0.512809 -64.1658
0.00933574 0.544843 -80.4842
0.0354109 0.0305335 119.642
0.0194472 0.0389048 121.024
0.00787192 0.0132284 136.485
0.00312224 0.0191471 135.563
0.0101772 0.0004096 141.112
0.0131595 -0.00346485 141.834
-0.000921321 -0.023436 156.495
0.0127632 2.32173e-05 140.495
0.0231215 -0.0116049 141.027
0.0250192 -0.0250059 145.838
0.0291373 -0.0151928 139.452
0.0201688 -0.00659086 140.111
0.0192847 -0.018187 145.703
0.0323762 -0.0535011 153.985
0.0244931 -0.025978 146.293
0.00375195 -0.016215 154.201
0.0218471 -0.0319256 150.069
0.042261 -0.00176632 124.299
0.0543728 -0.000786467 116.451
-0.0167697 -0.0214482 112.967
-0.0147094 -0.0218772 113.091
-0.00454189 -0.0222509 112.83
0.0172952 -0.0225536 111.707
0.0514077 -0.0251401 110.373
0.0893181 -0.0431472 115.24
0.105133 -0.0529545 117.661
0.141245 -0.0619649 117.507
0.147216 -0.0567392 115.051
0.110821 -0.100768 141.163
0.0938087 -0.10956 148.225
0.0892114 -0.115386 151.796
0.0339238 0.413846 -27.3672
-0.0015759 0.451551 -35.7925
0.0387202 0.232294 54.336
0.0479685 0.499633 -71.4625
0.0123143 0.556197 -86.8559
0.00284449 0.550215 -81.0474
-0.00523757 0.074298 113.896
-0.00315126 0.0431979 127.022
-0.0285373 0.0110505 151.211
0.00635461 0.011923 137.687
0.0161154 0.00844786 135.351
-0.0373507 0.516953 -49.3135
0.00568415 -0.0108743 148.345
0.025244 -0.0426294 153.62
0.0410686 -0.0326722 141.736
0.0322716 -0.00861785 134.976
0.019582 -0.0138712 143.79
0.0361201 -0.0743895 161.21
0.0126425 -0.0272679 153.589
0.0181724 -0.046139 159.515
0.0221988 -0.0523781 159.861
0.0647203 -0.112203 161.059
0.0470922 -0.0541464 145.138
0.072538 -0.0305723 118.313
-0.0172741 -0.0193457 111.991
-0.0156674 -0.0206124 112.533
-0.0066364 -0.0234663 113.513
0.0124342 -0.0295206 115.317
0.0391141 -0.040498 118.624
0.0666788 -0.0565501 123.82
0.110379 -0.0614633 121.325
0.126888 -0.0930369 134.283
0.141648 -0.105398 138.366
0.109109 -0.104776 143.304
0.0896364 -0.108943 148.739
0.0830791 -0.113587 152.229
0.0830791 -0.113587 152.229
0.343249 -0.0804293 121.818
-0.131217 -0.020686 212.995
0.492549 -0.118981 89.9227
-0.0131427 0.54841 -75.1315
-0.00377466 0.543277 -75.5111
0.206217 0.0977268 4.8902
-0.0288097 0.509919 -50.2593
-0.028693 0.519742 -55.2258
-0.209632 -0.423411 413.889
-0.0229568 0.51185 -52.6902
-0.021762 0.558097 -75.6926
-0.0342412 -0.0516354 170.873
-0.0111914 0.555773 -79.421
0.0872786 0.0284482 67.027
0.0911951 -0.0107992 83.3586
0.110128 -0.00513212 71.7929
0.0493865 -0.0251825 113.157
-0.0221966 -0.0278302 173.595
-0.00658011 -0.0914912 195.026
-0.00820912 -0.166254 230.695
0.0331051 -0.190569 217.737
0.0885367 -0.106618 144.355
0.0878189 -0.0276383 107.256
-0.0183649 -0.01999 112.312
-0.0180635 -0.0216205 113.087
-0.0123366 -0.0258433 114.922
0.00282363 -0.0355876 118.858
0.0316499 -0.0573782 127.47
0.0477915 -0.0689716 131.698
0.0808376 -0.0981848 142.479
0.110012 -0.145008 161.718
0.146936 -0.128487 148.769
0 0 -1
0.174628 -0.174197 197.765
-0.113399 -0.175864 256.048
0.356516 -0.0783089 117.905
0.347269 -0.0728313 117.332
-0.108336 -0.0351216 214.097
-0.121172 -0.0273761 213.606
-0.0106007 0.546393 -74.7745
-0.00755164 0.535128 -70.1308
-0.0174764 0.512305 -55.436
-0.0171417 0.495521 -47.3063
-0.0128821 0.518924 -60.3642
-0.00690647 0.524974 -65.2936
-0.01826 0.537444 -66.8648
-0.0163249 0.567062 -82.1567
0.0173785 0.544361 -85.8246
-0.231904 -0.353855 407.927
-0.063908 0.0434665 137.974
0.132675 -0.0176485 66.2709
0.0900741 -0.0300066 95.0149
0.0175159 -0.0223665 129.087
-0.0102822 -0.0383061 151.964
-0.0167191 -0.0379389 155.347
0.000159557 -0.164482 225.504
0.05002 -0.158431 192.473
-0.0559847 -0.110794 215.026
0 0 -1
-0.00105705 0.227906 82.5842
-0.00108301 0.230789 81.1176
-0.00116468 0.236501 78.2126
-0.00123829 0.244967 73.907
-0.00116434 0.256081 68.2423
-0.000750335 0.269718 61.2605
0.000205584 0.285729 53.0037
0.00185522 0.303941 43.5207
0.00423347 0.324167 32.8792
0.0070559 0.346198 21.2044
0.010089 0.369812 8.63811
0.0129152 0.394775 -4.62474
0.0146034 0.420839 -18.2468
0.0142868 0.44775 -31.8531
0.0111161 0.475246 -45.0241
0.00437786 0.503063 -57.3297
-0.00641277 0.530935 -68.367
-0.0151927 0.531089 -65.7653
-0.0171045 0.510267 -54.6913
-0.0193952 0.498994 -48.2363
-0.0051655 0.502512 -55.1928
0.00525107 0.518533 -66.9449
-0.00238834 0.524352 -66.8606
-0.00663957 0.529317 -67.5861
-0.0069229 0.536664 -71.1504
0 0 -1
0.135728 -0.00865153 60.2419
0.136928 -0.0193229 65.228
0.0855695 -0.0623001 113.303
0.0316184 -0.0399694 130.243
-0.0077459 -0.0320853 147.493
-0.0322679 -0.0414298 165.954
-0.048615 -0.0659278 187.839
-0.0550654 -0.0886123 203.205
-0.0557254 -0.108375 213.663
-3.27288 22.84 -9467.8
