-0.00187095 0.00928324 110.008
-0.00192026 0.00948912 110.006
-0.00195452 0.00981854 110.004
-0.00195502 0.0103766 109.998
-0.0019264 0.0113526 109.985
-0.00172946 0.0128917 109.95
-0.000890243 0.0148212 109.833
0.00829518 -0.00664957 131.459
0.00515909 0.00952787 131.72
0.00951782 0.00567704 131.079
0.00902066 0.00284431 131.167
0.00384635 0.000636155 132.226
0.004295 0.00211965 132.082
-0.00481513 0.00508509 134.103
-0.00173833 0.0048728 133.312
-0.00830425 -0.0131193 135.279
-0.0136935 -0.0116743 136.747
-0.0140055 -0.00511572 136.761
-0.0191998 -0.0129519 138.619
-0.0132526 0.0200546 136.13
0.00392633 0.0176662 130.038
-0.00390788 0.0184824 132.882
-0.00107178 -0.00545233 131.878
-0.0288266 -0.0369731 143.947
-0.0159444 -0.0181947 138.178
0.00257665 0.0238069 107.978
-0.00373118 0.0118142 111.095
-0.00136565 0.00315007 109.889
-0.00564491 -0.00155757 112.159
-0.00173328 0.000803295 110
-0.00184235 -0.00112505 110.078
-0.000761582 -0.00279873 109.478
-0.0039686 -0.00220512 111.427
-0.000168383 0.00192875 109.125
0.000757698 -4.45462e-05 108.554
0.00490816 -0.00335135 106.003
-0.00167599 0.00924794 110.006
-0.00166376 0.00946708 109.999
-0.00154299 0.0097743 109.985
-0.00123741 0.0102402 109.955
-0.000732296 0.0110236 109.896
-7.39915e-05 0.012432 109.798
0.00156598 0.0155932 109.522
0.0176902 -0.00615789 130.199
0.0121229 0.008872 130.655
0.00983527 0.00792688 131.017
-0.00144777 0.00353633 133.225
0.003246 0.00270921 132.258
0.00175258 0.000560366 132.719
-0.00400956 0.00465322 133.932
-0.0107072 0.000711976 135.741
-0.0161573 -0.0022485 137.235
-0.0088686 0.00446428 134.929
-0.0105302 -0.000512355 135.584
-0.0129127 0.00171892 136.281
-0.0067281 0.00864042 133.905
0.00493792 0.00997943 129.751
-0.0140702 0.0139363 136.932
-0.0156022 0.0114327 137.49
-0.0223197 0.00234891 140.44
-0.0294827 -0.00503622 143.854
-0.00456822 0.00955389 111.46
-0.000170987 0.00356857 109.523
-0.00921801 0.00375942 113.765
-0.00224032 -0.00524599 110.466
-0.00201196 -0.00578135 110.341
0.000235565 -0.00382959 109.012
0.000894665 -0.00691441 108.706
0.00114511 -0.00581644 108.576
-5.56665e-05 -0.00489348 109.249
-0.0005783 -0.00369033 109.516
-0.00193827 -0.00739388 110.476
-0.00145312 0.00924818 110.003
-0.00140661 0.00947227 109.992
-0.00121344 0.00974911 109.971
-0.000763847 0.0100273 109.932
0.00010426 0.0101703 109.861
0.00121767 0.00988022 109.777
-0.000155729 0.00726061 110.08
0.0235112 0.00805576 128.871
0.0139167 0.00436442 130.587
0.0066389 0.00844498 131.543
0.00355808 0.00838843 132.093
-0.000228679 0.00359724 133.032
-0.00547062 0.00582682 134.079
-0.00399346 0.00212158 133.992
-0.00820557 0.00071794 135.121
-0.0127198 0.00839548 136.004
-0.00757826 0.0114181 134.312
-0.0121636 0.0063064 135.861
-0.00645635 0.00708707 133.956
-0.0058847 0.00838474 133.649
0.000732268 0.0035392 131.542
-0.0113498 0.00159892 136.268
-0.0200648 0.0106251 139.302
-0.0246006 0.00849656 141.209
-0.0269762 0.00561846 142.461
-0.00414842 0.00766821 111.266
-0.00942634 0.00441458 113.91
-0.00886549 -0.00421284 113.847
0.00722121 0.0391203 103.513
-0.0338389 0.0157202 148.607
-0.00618 -0.00147425 112.399
0.0267644 -0.0234695 94.6056
0.000425521 -0.0136772 109.263
-0.00035935 -0.0118545 109.649
0.000992655 -0.0139545 108.882
0.000318772 -0.0144941 109.319
-0.00125399 0.00927601 110
-0.00117689 0.00948974 109.985
-0.00100624 0.00974509 109.962
-0.000803107 0.00989949 109.942
-0.000666802 0.00957625 109.953
-0.000498385 0.00805795 110.031
0.00111361 0.00471426 110.049
0.0151164 0.0148651 129.715
0.0102326 0.00581238 131.122
0.00771459 0.00449408 131.61
0.000857756 0.00707485 132.587
-0.00377361 0.00325073 133.769
-0.00347266 0.00305632 133.77
-0.00429357 0.0013157 134.072
-0.00580553 0.00216735 134.395
-0.00349864 0.00597219 133.501
-0.00842117 0.0145693 134.425
-0.0156442 0.0137039 136.655
-0.0158678 0.0145428 136.684
-0.00735272 0.00940466 134.088
-0.0023966 0.0041223 132.653
-0.00572009 0.00521279 133.868
-0.0181845 0.00584897 138.806
-0.0253568 0.0109593 141.446
-0.0337823 0.00619627 145.493
-0.0603887 0.00179887 157.734
-0.00498988 0.0117 130.62
0.0528817 -0.017162 104.726
0.0123084 -0.0222364 125.919
-0.0126342 -0.0227851 139.139
-0.0206126 -0.0289861 143.66
-0.0615798 -0.0267587 166.477
-0.0972515 -0.0377859 187.68
0.0110932 -0.0115659 102.498
0.00283893 -0.0177374 107.958
-0.00100942 -0.0150534 110.148
-0.00328669 0.00990135 132.388
-0.00332417 0.0102342 132.362
-0.00335539 0.0105929 132.333
-0.0031665 0.0108885 132.296
-0.00239595 0.0109713 132.228
-0.000522723 0.0104535 132.093
0.00296062 0.00871183 131.849
0.00712935 0.00785853 131.4
0.00715482 0.00791822 131.388
0.0104358 0.00654558 130.906
-0.0011289 0.00711321 132.986
0.000893185 0.00846381 132.373
-0.00518037 0.00886702 133.683
-0.00365637 0.00642999 133.551
-0.00538372 0.0096606 133.745
-0.00233472 0.00315453 133.399
-0.00846655 0.0044664 135.168
-0.00947941 0.0110702 134.924
-0.0139088 0.0148438 136.022
-0.00967231 0.0151728 134.52
-0.00580942 0.00828404 133.587
-0.00749636 0.00314836 134.725
-0.0188975 0.000933258 139.465
-0.0228687 -0.000153058 141.186
-0.0323625 0.00547747 144.957
-0.0603383 0.00255353 157.793
-0.00255839 -0.00331775 130.091
0.0481089 -0.00791564 106.369
0.0314879 -0.0113985 115.212
-0.0160795 -0.0172164 140.53
-0.0373757 -0.0163213 152.127
-0.0702718 -0.01891 170.908
-0.105535 -0.0216532 191.407
-0.00183153 -0.0137652 110.462
0.00189765 -0.0146181 108.223
0.00627387 -0.0157368 105.572
-0.00295929 0.00968993 132.407
-0.00299192 0.0100583 132.371
-0.00305077 0.010428 132.336
-0.00297638 0.0107393 132.299
-0.00257242 0.0109074 132.25
-0.00172219 0.0107577 132.184
-0.000138919 0.00991761 132.086
0.00492126 0.00772351 131.622
0.0106277 0.00624648 131.005
0.00382446 0.00624541 132.066
0.00738969 0.00979759 131.114
-0.000751156 0.0111306 132.617
-0.0124347 0.0109422 135.202
-0.0059639 0.00531541 134.225
-0.00952521 0.00439956 135.284
-0.00529151 0.00309133 134.2
-0.00307749 0.00105548 133.709
0.000531653 0.0017054 132.602
-0.00934101 0.00929303 135.011
-0.0117897 0.00320123 136.46
-0.0113182 0.013858 135.163
-0.0123397 0.00696795 136.248
-0.0173622 0.00278835 138.706
-0.0212505 0.00435884 140.124
-0.0329666 0.00473024 145.346
-0.0656664 0.01007 159.515
-0.0163359 -0.000271088 137.029
0.0407594 -0.0127989 110.507
0.0242464 -0.0211601 119.947
-0.00986629 -0.0143428 136.969
-0.0291038 -0.00819117 146.819
-0.0604148 -0.0109172 164.659
-0.0957187 -0.0188856 185.577
-0.00115213 -0.0093598 109.631
-0.000147932 -0.0107355 109.148
-0.00333895 -0.0163132 111.703
-0.00252827 0.00894142 132.487
-0.00258783 0.00938324 132.436
-0.00269484 0.00981374 132.389
-0.00269477 0.0101972 132.342
-0.00234856 0.0105174 132.276
-0.00141872 0.0108583 132.147
0.000113449 0.0116337 131.886
0.00220132 0.0125871 131.5
0.00576898 0.0157873 130.678
0.00497873 0.0155357 130.861
0.000731127 0.00518654 132.865
-0.00682361 -0.00168906 135.236
-0.00839785 0.00855403 134.494
-0.00801724 0.00988619 134.203
-0.00946333 0.00606184 135.046
-0.00333601 0.00843039 133.022
-0.00497867 0.00612898 133.809
-0.00597284 0.00399899 134.405
-0.00630599 0.000570262 134.91
-0.012076 0.00389856 136.416
-0.00960626 0.0127983 134.577
-0.011679 0.00437504 136.356
-0.013692 0.00325459 137.181
-0.0186079 0.0139153 137.944
-0.0319225 0.0160474 143.654
-0.0751989 0.000264798 164.995
-0.0258502 -0.0298228 144.42
0.0412148 -0.0217675 111.234
0.026324 -0.0137749 118.014
-0.00644756 -0.0064125 134.306
-0.034962 -0.00846079 150.115
-0.0709462 -0.0112576 170.627
-0.00593956 -0.0121429 112.803
-0.000244296 -0.010672 109.237
-0.000995344 -0.0139113 110.082
-0.00819039 -0.017314 114.944
-0.00198971 0.00752243 132.665
-0.00208081 0.00806645 132.592
-0.0022251 0.00861457 132.523
-0.00226131 0.00915877 132.449
-0.00189255 0.0096979 132.345
-0.000526908 0.0101603 132.15
0.0027278 0.0104142 131.752
0.0060952 0.0127483 131.037
0.00489357 0.00787487 131.845
0.00128703 0.00509456 132.734
0.00253874 0.00352459 132.769
0.00254124 0.00605553 132.408
-0.00451355 0.00385315 134.327
-0.0123176 0.00679882 135.753
-0.0119335 0.00572584 135.801
-0.00476592 0.00330554 134.149
-0.0042796 5.6248e-05 134.432
-0.00751546 0.00280802 135.099
-0.00657084 0.00462873 134.486
-0.00959794 0.0110698 134.642
-0.0146781 0.00125656 137.854
-0.00975644 -0.000379495 136.215
-0.0136389 0.00554643 136.871
-0.0069277 0.0121694 133.227
-0.0332046 0.00953143 145.198
-0.0938676 0.00924178 172.639
-0.0544196 0.000965202 154.413
0.0390498 -0.0131881 111.158
0.0260547 -0.0192177 118.885
-0.0123958 -0.0171134 138.862
-0.0503661 -0.0108229 158.946
-0.0942717 -0.00885428 183.509
-0.00913458 -0.0177459 115.455
-0.00485902 -0.0191988 113.096
-0.00293822 -0.020329 112.03
0.00089913 -0.0147881 108.887
-0.00132663 0.00549316 132.953
-0.00143742 0.00614246 132.855
-0.00157717 0.0068217 132.755
-0.00158993 0.00752897 132.645
-0.00133722 0.00824964 132.513
-0.000886464 0.00881672 132.384
-0.000619347 0.00861581 132.386
0.00117014 0.00594982 132.538
0.00617087 0.00599043 131.833
0.00477841 0.00735257 131.819
0.0014365 0.0043456 132.875
-0.00546658 0.00551887 134.068
-0.000900819 -0.00373937 134.548
-0.00768373 -0.0022584 135.89
-0.00793334 -0.00584063 136.453
-0.0124448 0.000530367 136.71
-0.00754306 -0.00119795 135.563
-0.00327416 -0.000819614 134.248
-0.00566498 -0.000127624 134.891
-0.00674283 0.00135155 135.032
-0.00933611 0.00310349 135.639
-0.0159181 0.00172537 138.334
-0.0117902 0.00604884 136.111
-0.0103038 0.00534284 135.624
-0.0333521 -0.000301795 146.608
-0.0915851 -0.0113021 174.7
-0.075158 6.60778e-06 164.522
0.0137724 -0.00495457 122.406
0.0231673 -0.0127685 119.311
-0.00482095 -0.0144424 134.402
-0.0389758 -0.00997042 152.312
-0.061902 -0.00652286 164.675
-0.00353325 -0.0142982 111.532
-0.00249875 -0.0136526 110.818
0.00186455 -0.00870073 107.354
0.00517501 -0.0102199 105.514
-0.0005545 0.00326029 133.308
-0.000667793 0.00396169 133.189
-0.000789207 0.00472753 133.061
-0.000787544 0.00553577 132.92
-0.000565236 0.00634954 132.761
-0.000141624 0.00713616 132.586
0.000283604 0.00804463 132.384
0.000167323 0.00930606 132.186
0.00324429 0.0100781 131.653
0.00161757 0.00746355 132.351
-0.00156506 0.00101138 134.031
-0.00523332 -0.00148777 135.209
-0.00830506 0.00123724 135.413
-0.00591231 -0.0043335 135.689
-0.00169369 -0.00873363 135.365
-0.0148053 -0.0056539 138.375
-0.00502401 0.00296231 134.063
-0.00396043 0.000876988 134.133
-0.00457288 0.000427511 134.457
-0.00791177 0.00325389 135.068
-0.00899789 0.00252386 135.596
-0.0107768 0.00240211 136.324
-0.0172385 0.00477443 138.549
-0.0205186 0.00465741 140.077
-0.0351296 0.00569566 146.434
-0.102013 -0.00218419 177.318
-0.063458 -0.00564782 159.764
0.00965949 -0.00651105 124.77
0.0198859 -0.0161278 121.664
-0.00181742 -0.0126181 132.531
-0.0410522 -0.00363697 152.412
-0.0794495 0.000777176 173.346
0.000968201 -0.00688717 107.688
-0.000482401 -0.00737722 108.633
0.00130851 -0.00708626 107.488
0.00265971 -0.00988212 107.112
0.000229525 0.00120066 133.669
0.000142496 0.00186916 133.542
7.33037e-05 0.00264365 133.396
0.000106753 0.00351424 133.226
0.000338162 0.0044195 133.035
0.000914742 0.0052662 132.819
0.00201758 0.00595551 132.565
0.003348 0.0048129 132.62
6.7829e-05 0.00201662 133.638
-0.00448867 0.000533353 134.641
-0.00233211 -0.00348713 135.015
-0.00558933 -0.00771584 136.428
-0.00988226 -0.00896609 137.584
-0.0106834 -0.0095166 137.82
-0.00901763 -0.00681373 136.919
-0.00648588 -0.0107455 137.016
-0.00426961 -0.00127586 134.586
0.000241834 -0.00305711 133.513
-0.001469 -0.00520641 134.458
-0.0063696 -0.00606063 136.285
-0.00751039 -0.00498984 136.458
-0.0115635 -0.00875244 138.752
-0.00754461 -0.00542764 136.52
-0.0161385 0.00350213 138.406
-0.0577095 0.00876464 155.922
-0.0573924 0.0645446 145.091
-0.0613166 -0.00782847 159.356
0.0167861 -0.0126204 122.177
0.026206 -0.0107751 117.345
-0.00279109 -0.00994498 132.561
-0.0382953 -0.0144974 152.899
-0.0808133 -0.00493272 174.952
-0.00184911 -0.00953853 109.886
-0.00417919 -0.00700911 110.814
-0.000569669 -0.00935031 109.056
-0.00435225 -0.00974192 111.505
0.000857402 5.04958e-07 133.892
0.000840385 0.000458788 133.796
0.00090091 0.00107878 133.663
0.00103871 0.00189134 133.485
0.0012453 0.00281663 133.277
0.0015576 0.00358828 133.087
0.00192838 0.00375339 133.013
0.00128583 0.00357162 133.146
-0.0032743 0.00388535 133.74
-0.00615377 0.00172951 134.683
-0.00558218 -0.00333994 135.595
-0.0127916 0.00156933 136.076
-0.0147924 -0.00590096 138.026
-0.0100829 -0.00588071 136.891
-0.00834767 -0.00190066 135.733
-0.0056744 -0.00268584 135.168
-0.00272004 -0.0010624 134.01
-0.00479337 -7.4563e-05 134.444
-0.00407816 -0.00453616 135.151
-0.00501434 -0.00251603 135.07
-0.0118084 -0.00443098 137.844
-0.00832482 -0.000375082 135.674
-0.00473535 0.00299537 133.535
0.00279562 0.00746164 129.394
0.0157922 0.0220264 120.624
0.0932066 0.0390151 81.7998
0.0793554 -0.00407502 88.9829
0.0399323 -0.0282651 113.693
0.0319829 -0.0104507 114.225
0.00582243 -0.0069403 127.338
-0.0408956 -0.0116454 153.692
-0.0821867 -0.0100491 176.498
0.00336343 -0.0124107 107.376
0.000416193 -0.0115871 108.981
-0.00672164 -0.0117626 113.416
-0.0072053 -0.0125138 113.877
0.00112436 0.000596611 133.746
0.00122403 0.000644971 133.732
0.00150342 0.000870599 133.67
0.0018502 0.00135713 133.541
0.00204494 0.00207612 133.366
0.0018084 0.00278326 133.23
0.00105386 0.00303109 133.258
0.00101504 0.00401252 133.028
-0.00177869 -0.00383203 135.244
-0.00408438 0.000410667 134.603
-0.00682283 0.0027745 134.583
-0.0166903 -0.00119462 137.505
-0.0163575 0.0023103 136.585
-0.0100926 -0.00187153 136.169
-0.00992694 0.000558991 135.581
-0.00103052 -0.000474153 133.362
-0.00324594 0.000374787 133.838
-0.00525133 -0.000891059 134.782
-0.00214565 0.000776176 133.423
-0.00415246 -0.00205735 134.706
-0.00601091 0.00418314 133.864
-0.0071077 0.00781655 133.567
-0.00143235 0.0110439 130.42
0.00331111 0.0206731 126.287
0.0228962 0.0169622 118.459
0.0977079 -0.00540086 89.5246
0.169532 -0.0423397 64.562
0.0615884 -0.00420653 97.8978
0.040311 -0.00351611 108.544
0.00280272 -0.00188405 127.905
-0.0433161 -0.00262202 153.152
-0.109891 0.00527989 188.862
0.000468555 -0.0136376 109.347
-0.00653765 -0.016568 114.25
-0.00377642 -0.0163735 112.408
-0.00222201 -0.0198565 112.25
0.000823277 0.00371371 132.999
0.00104954 0.00319888 133.119
0.0015696 0.00278911 133.2
0.00221602 0.0025899 133.214
0.00265035 0.00269498 133.161
0.00237463 0.00311231 133.09
0.000910493 0.00347184 133.169
-0.00207472 0.00136381 134.071
-0.00114489 0.00433033 133.157
-0.00323966 0.000682585 134.395
-0.00891095 -0.00138636 135.95
-0.013962 0.00152751 136.271
-0.0178508 0.0031211 136.748
-0.0082201 0.00174547 134.813
-0.00470367 0.00311841 133.602
-0.00648126 0.00582704 133.433
-0.00523333 0.00127982 134.215
-0.00267822 0.00384799 132.794
-0.000276764 -1.48396e-06 132.954
-0.00518318 0.00412419 133.648
-0.00704128 0.00865707 133.197
-0.00128274 0.00725291 131.366
-0.00297798 0.0163871 129.872
0.0012092 0.0130918 128.979
0.0200713 0.00861638 121.694
0.0761489 -0.0414702 108.304
-0.0127942 -0.0546246 153.841
0.0566195 0.00328909 98.6656
0.0414724 0.000914097 106.935
-0.000689975 -0.000392649 129.405
-0.028867 0.00733461 142.81
-0.0715815 0.00613568 167.022
-0.00241754 -0.0116897 110.54
-0.00262078 -0.0137618 111.196
-0.00735605 -0.00981628 113.186
-0.0166758 -0.00741542 118.451
-0.000138065 0.009681 131.48
0.00016326 0.0086013 131.758
0.000808122 0.00745458 132.035
0.00169218 0.00627132 132.298
0.00253153 0.00522197 132.517
0.00267563 0.00466843 132.658
0.00113659 0.00482136 132.799
-0.00279376 0.00429243 133.448
-0.00517462 0.00299489 134.132
-0.0050029 0.00215259 134.311
-0.00859992 0.000153713 135.464
-0.00830758 -0.000895529 135.709
-0.0116894 0.00288579 135.483
-0.00529655 0.00781657 132.599
-0.00274068 0.0101521 131.351
-0.00844115 0.00660432 133.838
-0.00668921 0.00671025 133.284
-0.00487457 0.00604442 132.952
-0.00801357 0.00102231 135.331
-0.00120244 0.00365495 132.363
-0.00460047 0.0045237 133.344
0.000281948 0.00616976 131.093
-0.00269592 0.00806378 131.813
-0.00158032 0.00432617 132.309
0.0109533 0.0022739 127.412
0.0285285 -0.013263 123.482
0.0778276 0.00836524 86.8177
0.056635 0.0103145 96.8825
0.0317615 0.00677226 110.419
0.00132478 -0.000744819 128.497
-0.0437719 0.00881054 150.664
-0.106845 0.0106145 185.868
-0.00489362 -0.0103424 111.694
-0.00120402 -0.0111549 109.685
-0.00118345 -0.00956866 109.29
-0.00588615 -0.00386951 110.716
-0.00163107 0.0181943 129.174
-0.00136515 0.0167658 129.571
-0.000879328 0.0150551 130.033
-0.000111349 0.0128902 130.599
0.000983123 0.010321 131.241
0.00202095 0.00792238 131.826
0.00177356 0.0066859 132.216
-0.00164111 0.00624302 132.799
-0.00980674 0.00208435 135.157
-0.0064451 0.00577872 133.588
-0.00635402 0.00496632 133.779
-0.0076127 0.00579691 133.791
-0.0031083 0.00749646 132.346
-0.006703 0.013811 131.437
-0.00599628 0.00996495 132.232
-0.0101483 0.0118697 132.793
-0.00428836 0.00882744 131.948
-0.00209095 0.00948788 131.104
-0.00526344 0.0120734 131.391
-0.00546246 0.00900004 132.372
-0.00401752 0.00606028 132.709
0.000146123 0.00593284 131.224
-0.000929878 0.00433671 132.091
-0.000375014 0.00786925 130.854
0.0206266 0.00480455 122.401
0.0741562 -0.0076891 101.551
0.0779489 0.00946513 86.3795
0.0588479 0.0131088 94.9238
0.0309559 0.0105062 109.785
6.36005e-05 -0.00105136 129.212
-0.031697 0.00216525 145.733
-0.0781271 0.00489458 171.016
-0.00621123 -0.01412 113.506
-0.00280961 -0.0127718 111.107
-0.000863174 -0.0142139 110.308
0.000121713 -0.0130739 109.39
-0.00328467 0.0282316 126.284
-0.00317372 0.0268492 126.697
-0.00319527 0.025057 127.235
-0.00315198 0.0224537 128.01
-0.00252266 0.0187044 129.08
-0.000935793 0.0140035 130.338
0.000789556 0.00948104 131.512
-0.000937488 0.0060056 132.812
-0.00572862 0.00707832 133.077
-0.00949612 0.008174 133.357
-0.00872993 0.00390821 134.503
-0.000740091 0.00369751 132.952
-0.00587479 0.00394038 134
-0.00183798 0.00510695 132.707
-0.00368381 0.0085509 132.093
-0.00383376 0.0157304 129.963
-0.00453727 0.0141652 130.504
0.00356664 0.0160018 127.439
-0.00680069 0.0147388 131.287
-0.00804335 0.0164632 131.142
-0.00444797 0.00834564 132.202
-4.84131e-05 0.00438719 131.749
-0.000543855 0.00770955 130.953
-0.000123121 0.00726236 130.922
0.000929223 0.0012695 132.167
0.012832 -0.0110325 130.493
0.0617346 0.0111671 93.7063
0.0608533 0.010181 94.6669
0.0298007 0.0102114 110.437
0.000794087 0.00847924 126.076
-0.0386415 0.0117878 146.732
-0.0686369 0.00713269 165
-0.00988915 -0.0123734 115.181
-0.00987505 -0.0143576 115.743
-0.00366658 -0.014165 111.949
-0.000159054 -0.0163877 110.457
-0.00460185 0.0382098 123.238
-0.00469178 0.0372884 123.536
-0.00537795 0.0360534 123.957
-0.00656616 0.0340865 124.646
-0.00756702 0.0306085 125.816
-0.00722193 0.024731 127.634
-0.0050057 0.0166185 129.956
-0.00339267 0.00959395 132
-0.00120985 0.00427994 133.297
-0.0133956 0.00895401 133.761
-0.00557698 0.00373341 133.94
-0.0036177 0.00570987 132.957
-0.00277624 0.00497338 133.002
-0.00501187 0.0075378 132.687
0.00289922 0.011205 129.507
-0.00132136 0.00972115 131.156
-0.00648921 0.0128687 131.571
-0.00173148 0.0182349 128.411
-0.003127 0.0150349 129.859
-0.00827832 0.0156338 131.385
-0.00783593 0.0178697 130.455
-0.001109 0.0113276 129.934
0.00561017 0.011767 127.169
-0.00440497 0.0123711 131.169
-0.00294745 0.00789214 131.863
-0.000758698 -0.00710376 135.644
0.083711 0.0112196 82.9359
0.0662272 0.00438147 93.7793
0.0340786 0.00196533 110.776
-0.00289546 0.0089181 127.908
-0.0293964 0.00396923 143.93
-0.0605147 0.0167341 157.409
-0.10885 0.0105852 186.988
-0.000375039 -0.0123319 109.366
-0.00315472 -0.0105652 110.511
0.00222808 -0.0135566 108.105
-0.00518164 0.0463642 120.608
-0.00538819 0.0461517 120.688
-0.00644238 0.0459513 120.8
-0.00866663 0.0457566 120.994
-0.0119851 0.0448594 121.537
-0.015084 0.041348 122.979
-0.0150881 0.0330538 125.721
-0.0111552 0.017765 130.33
-0.0124498 0.00705295 134.068
-0.0058063 0.0087064 132.458
-0.00451056 0.0120683 131.104
-0.0112128 0.0162944 131.034
-0.00519592 0.018369 129.057
-0.00138118 0.0159262 129.021
-0.00217528 0.0143211 129.775
-0.00115184 0.0157953 128.97
-0.00227761 0.0154246 129.431
-0.00357154 0.0126106 130.794
-0.00700076 0.0120001 132.119
-0.00691246 0.0181715 130.011
-0.00220345 0.025415 125.958
-0.00781398 0.0228101 128.81
0.000104646 0.0214568 126.221
-0.0059434 0.0158739 130.647
-0.012289 0.0139053 134.054
-0.0305505 0.00611881 144.972
0.0732283 0.00333507 90.6446
0.0551563 0.00516245 98.9986
0.0276617 -0.0020265 115.33
0.00497129 0.004671 124.991
-0.026817 0.00772469 141.294
-0.0860182 0.00671531 175.141
-0.113348 0.00489703 191.43
0.00414217 -0.0100731 105.948
-0.00231707 -0.00747374 109.028
-0.00570597 -0.0201513 115.367
-0.00490676 0.0508588 119.083
-0.00506683 0.0513226 118.924
-0.0057745 0.0521336 118.669
-0.00775079 0.0539739 118.138
-0.0122159 0.0572304 117.327
-0.0192243 0.0608861 116.669
-0.0247734 0.0637652 116.207
-0.0323616 0.0565583 119.616
-0.0176899 0.0339461 125.546
-0.00780773 0.0415113 121.303
-0.00551777 0.037421 122.339
0.00234943 0.0580965 113.476
-0.00607372 0.0535026 116.978
-0.00794177 0.047753 119.377
0.00110145 0.0458248 117.827
-0.003609 0.0503567 117.595
-0.0101192 0.043906 121.712
-0.0122759 0.0292793 127.64
-0.00306718 0.0200842 127.964
-0.000127513 0.026128 124.824
-0.00163573 0.0197514 127.632
-0.00172807 0.0246381 125.919
-0.00417077 0.0213553 128.066
-0.00831513 0.0239457 128.859
-0.0157729 0.0307172 129.788
-0.0607325 0.029245 150.762
0.0715447 0.0259921 83.5855
0.0511009 0.0102414 99.3121
0.0277806 0.0138528 109.73
0.013156 0.0200283 115.23
-0.022333 0.0209936 134.161
-0.0772329 0.0252382 163.602
-0.147375 0.00659401 210.759
0.0224305 0.279693 5.1186
0.0213099 0.713881 -145.762
0.0463682 0.661548 -142.272
-0.00388889 0.0513807 118.907
-0.00388483 0.0523882 118.531
-0.00356535 0.053863 117.971
-0.00334573 0.0569382 116.822
-0.0051676 0.0635208 114.529
-0.0123119 0.0766339 110.335
-0.0174945 0.107168 99.5026
-0.00831472 0.128979 90.0143
-0.0147979 0.0876301 105.527
-0.00989084 0.144867 84.0149
-0.00135716 0.115409 92.9354
-0.00260827 0.136964 85.483
-0.00282241 0.1451 83.1047
0.00576191 0.0919911 99.698
-0.000662627 0.146644 81.7746
-0.00343416 0.12021 92.0138
-0.00886298 0.136534 87.8251
-0.0193148 0.0935135 106.183
-0.0120424 0.0452614 121.789
-0.0073977 0.0651635 113.072
-0.00207511 0.0357317 121.899
0.0026521 0.0312589 121.76
-0.00853106 0.0367454 124.21
-0.00332168 0.0406346 120.671
-0.0342478 0.0758967 121.418
-0.16369 0.122178 163.451
-0.0837644 0.315695 53.2723
0.0294897 0.0223993 105.639
0.03051 0.0333921 101.299
0.00570063 0.0475394 109.179
-0.0142673 0.0350015 124.715
-0.0248756 0.0829177 112.887
0.0405179 0.491561 -75.8766
0.0543213 0.751568 -180.078
0.0329402 0.716735 -154.133
0.021294 0.673202 -130.662
-0.00239106 0.0475117 120.385
-0.00224429 0.0488764 119.845
-0.00089431 0.0506352 119.101
0.0022325 0.053664 117.742
0.00728356 0.0596617 115.035
0.0133432 0.0715988 109.854
0.00884563 0.0952113 101.303
0.0240822 0.105819 94.4212
-0.0163115 0.160619 79.5434
-0.0150794 0.155067 81.6064
-0.0100465 0.148257 83.861
-0.00417717 0.14288 85.0509
0.00212231 0.113046 95.6942
-0.00667353 0.0449647 124.611
0.00497927 0.166226 73.5627
0.0130719 0.145888 79.254
-0.0131669 0.170419 77.2418
0.00126495 0.0314085 127.874
-0.000985856 0.0246758 131.176
-0.0017531 0.0115605 136.704
-0.00533152 0.021879 133.808
-0.00600538 0.0216912 134.158
0.00577083 0.0665749 111.658
-0.00096565 0.0264847 130.19
-0.0105115 0.0536874 123.602
-0.0125085 0.0275504 135.133
-0.00684383 0.0158448 136.997
0.0025335 0.028835 127.206
-0.00138469 0.0111376 136.197
-0.0096256 0.00339687 143.541
-0.00191823 0.0161517 134.301
0.00802843 0.02615 124.637
0.00431371 0.0278309 125.959
0.00170638 0.0307566 126.193
-0.00494463 0.011882 137.647
-0.0061456 0.0212832 134.718
-0.000689704 0.0399116 123.411
-0.000428004 0.0413058 122.829
0.00151963 0.042894 122.097
0.00592485 0.0447897 121.072
0.0126897 0.0469556 119.694
0.0197611 0.0484242 118.479
0.020301 0.0458468 119.544
0.0158327 0.0200272 130.696
0.0207491 0.0467104 119.164
0.00274882 0.0344945 126.881
-0.00997972 0.0898332 106.683
0.00347675 0.0346832 126.171
0.00261647 0.03235 127.297
0.0189605 0.0714485 107.523
-0.00846196 0.0269688 132.252
-0.0161176 0.0889328 109.47
0.00472384 0.0235654 129.833
-0.00492689 0.0135875 136.806
-0.00380599 0.00510005 139.88
-0.00152672 0.00561936 138.951
-0.00353708 0.000834012 141.553
-0.00134666 0.0099137 136.976
-0.000579226 0.0154177 134.45
-0.00776247 0.00900044 140.035
-0.00254032 0.00542862 139.244
-0.00369563 0.00765843 138.775
-0.00658533 0.00709444 140.386
-0.00432854 0.00983492 138.022
7.37151e-05 0.00423311 138.191
-0.00430947 0.00745033 139.179
-0.00784984 0.0100385 140.073
0.0014616 0.0114914 134.142
-0.0011828 0.0140444 134.647
-0.0104737 0.00424217 144.101
0.00841508 -0.00171967 134.821
0.00978154 0.0110459 128.779
0.000735216 0.0298363 127.598
0.00102187 0.0308159 127.167
0.00285189 0.0317085 126.708
0.0065497 0.0319241 126.406
0.0112046 0.0304185 126.713
0.0139718 0.0256157 128.534
0.010578 0.0137867 133.99
0.0108436 0.00527088 137.626
0.00490957 0.0162817 133.863
-0.002865 0.00550188 139.608
-0.00674922 0.0217496 133.493
-0.00198493 0.00620104 138.954
-0.00135112 0.0035455 139.963
0.000206337 0.00879013 137.409
-0.00495074 0.000796525 142.029
-0.00607938 0.0156454 136.174
-0.0075968 0.00853658 139.662
-0.00423708 0.0012485 141.711
-0.00415168 -0.00450817 144.124
-0.00690835 -0.000589089 143.441
-0.00525142 0.000943262 142.112
0.000619377 -0.000510494 140.606
-0.00518603 -0.0017442 143.337
-0.00638883 -0.0014058 143.708
-0.0038806 -0.00204854 142.825
-0.00585251 -0.00381654 144.53
-0.0098764 -0.000403059 145.009
-0.00130975 0.00280699 139.447
0.00207215 -7.41763e-05 138.939
-1.54348e-06 -0.00353504 141.447
-0.00786891 -0.000242493 144.358
-0.0017068 0.00166924 140.006
-0.0111473 0.00311505 144.861
-0.0102277 0.00313391 144.361
-0.00554667 -0.00224341 143.645
0.0121126 -0.00509735 133.867
0.00139089 0.0190779 132.26
0.00160367 0.0193062 132.149
0.00279178 0.0192613 132.118
0.00483518 0.0181412 132.5
0.00680522 0.0149947 133.757
0.00736371 0.00948514 136.161
0.00660614 0.0030941 139.077
0.00685714 0.000272739 140.292
0.00296481 -0.00123719 141.539
-0.00563982 0.000844642 141.921
-0.00404872 -0.00469886 144.111
-0.00157056 0.00129885 140.891
-0.000784673 -0.00156299 142.019
-0.00368699 -0.00378256 143.669
-0.00655187 0.000494447 142.51
-0.00640175 0.000116538 142.671
-0.00437885 -0.00642788 145.036
-0.00545269 -0.000796731 142.872
-0.00218942 0.00224865 140.397
-0.000927231 -0.00385464 142.574
0.000783631 -0.00297003 141.627
-0.00746767 0.000169761 143.284
-0.00530417 0.00468167 140.447
-0.0061341 0.000348132 142.747
-0.00734319 0.00101411 142.996
-0.00364624 -0.00450244 143.782
-0.00292869 -0.00329381 142.875
-0.00335452 0.00236507 140.488
-0.00256027 0.00750755 137.748
-0.00295613 0.00319045 139.863
-0.00130487 0.00608343 137.671
-0.00262486 0.00614405 138.313
-0.000494754 0.00380879 138.111
-0.00994017 0.00604233 142.814
-0.00890097 0.0117492 139.596
0.00477443 -0.000786974 136.641
0.0010648 0.00964392 136.518
0.0011935 0.00908529 136.77
0.00170988 0.00825708 137.131
0.00235214 0.0065686 137.875
0.0026733 0.00352441 139.259
0.00260265 -0.000734698 141.23
0.00290759 -0.00525424 143.276
0.00370681 -0.0101351 145.43
0.00517189 -0.0218766 150.675
0.00207672 -0.0179343 149.242
0.00488605 -0.014855 147.108
-0.0165935 0.00488559 142.308
-0.00536772 -0.00736653 145.652
-0.00400689 -0.0124537 147.682
0.000487987 -0.0102985 145.557
-0.0123342 -0.00501402 146.76
-0.00488281 -0.0116902 147.528
-0.00434143 -0.0102452 146.879
-0.00326277 -0.0155634 148.907
0.000875691 -0.00985436 144.783
-0.00475561 -0.0060491 145.06
0.00105197 -0.00380167 141.698
-0.00472142 0.00142448 141.527
-0.00615133 -0.00717883 146.149
-0.00564707 -0.0185546 151.197
-0.00352317 -0.0123668 147.347
0.00550401 -0.00976288 141.821
-0.00403258 -0.00381998 143.76
-0.00979909 -0.0060234 147.66
-0.0026553 -0.00892933 145.177
-0.00172913 -0.000667004 140.924
-0.00420911 -0.00139256 142.607
-0.00690453 -0.011302 148.74
-0.0125352 -0.0190356 155.716
-0.0040343 -0.017411 149.813
0.00353308 -0.0241704 148.128
-7.87588e-05 0.00321643 139.534
3.62103e-05 0.0021115 140.061
0.000157273 0.00082302 140.676
3.34337e-05 -0.000929443 141.526
-0.000519461 -0.00332488 142.717
-0.00130164 -0.0063679 144.245
-0.0014387 -0.0104769 146.222
-0.000269233 -0.0189425 150.131
-0.00334942 -0.030853 156.257
0.0196242 -0.00999774 142.156
0.0126465 -0.0189116 147.562
0.00331527 -0.0116174 146.15
-0.0135142 -0.0140401 150.627
-0.00651723 -0.0245428 153.973
0.00179675 -0.00603317 143.08
-0.00093378 -0.00822997 144.93
-0.00603739 -0.00457535 144.61
-0.00686412 -0.00793348 146.419
-0.00316807 0.000510103 140.988
0.012218 -0.0109203 141.179
0.0160462 0.0249199 122.569
-0.00930239 0.0189661 134.84
-0.017598 0.0270395 134.416
-0.0164039 -0.0128137 153.136
-0.0164033 -0.0235306 158.236
-0.0106921 -0.0276804 157.832
0.00373137 -0.0338051 153.96
-0.00197024 -0.0346413 157.113
0.00784436 -0.0185425 144.409
0.0148092 0.00646138 128.696
-0.00613215 0.0153743 135.795
-0.0179095 0.00382071 147.957
-0.0254486 -0.0158523 161.863
-0.0373504 -0.0521286 186.556
-0.0140553 -0.0690112 180.479
0.00192472 -0.0519425 162.157
-0.00161051 0.000536132 140.841
-0.00147139 -0.000781952 141.497
-0.00151571 -0.00227322 142.244
-0.0019281 -0.0040182 143.139
-0.00282852 -0.0060451 144.216
-0.00438245 -0.00825447 145.459
-0.00669134 -0.0101428 146.651
-0.0134076 -0.017567 151.166
-0.0077214 -0.0566606 169.615
0.0196106 0.00255549 136.156
0.00805964 -0.0068663 142.883
-0.0128525 -0.0101326 148.781
-0.0333849 -0.0219244 159.004
0.00947151 -0.0467266 161.06
0.0279009 -0.00518442 136.03
0.00834093 -0.0119831 144.049
0.00378334 0.00982093 134.776
-0.00365215 0.0162875 133.655
-0.0226504 0.0295231 133.484
0.0182767 0.0098699 129.061
0.0299274 0.0956275 82.8938
0.0181807 0.12052 75.3358
-0.0488826 0.065558 128.462
-0.0271226 0.00730056 147.815
-0.0198497 -0.0436301 169.661
-0.00431165 -0.0338556 157.881
0.0148031 -0.0514922 157.322
-0.00221825 -0.0478042 163.44
0.0216969 -0.0337302 144.628
0.039143 0.0215781 108.413
-0.00677765 -0.0122068 149.634
-0.0338176 0.0133814 152.532
-0.0508242 -0.0123225 175.292
-0.0556257 -0.0443747 193.643
-0.0762918 -0.0968121 232.199
-0.00264389 -0.102411 189.36
-0.00277548 -0.000791079 141.509
-0.00261611 -0.00247018 142.364
-0.00269042 -0.00416416 143.234
-0.00313624 -0.00598965 144.192
-0.00386857 -0.00788682 145.213
-0.00454917 -0.00934008 146.013
-0.00468945 -0.00874683 145.723
-0.00421847 -0.00553155 144.033
-0.00250139 0.0216042 130.329
0.0391517 -0.0340316 151.021
0.0132103 0.0146672 131.445
-0.0188625 0.0458688 122.092
-0.0284684 -0.0382578 165.318
0.0220421 -0.0536066 161.429
0.0276735 -0.0400132 153.315
0.00976052 -0.00473088 140.309
0.00546365 0.00546157 136.407
-0.00333082 0.0147399 134.436
-0.00379329 0.337042 4.25111
-0.0127896 0.270835 41.0249
-0.00624879 0.208613 70.2413
-0.0162271 0.162318 97.5383
-0.012108 0.169171 92.3921
-0.0473072 -0.0278491 173.752
-0.0393437 -0.0517465 182.281
-0.0124675 -0.0818547 185.289
0.00899529 -0.0699848 169.292
0.0136877 -0.0453244 154.529
0.0340157 -0.0201241 131.558
0.0360456 -0.012118 126.591
0.000562173 0.0160684 131.766
-0.0401846 -0.00134811 163.299
-0.0627604 -0.0285809 190.04
-0.0709146 -0.0803648 220.696
-0.0474272 -0.103909 218.1
-0.0272638 -0.118873 213.149
