0.0191958 0.0040568 25.4229
0.018041 -0.0108601 25.6303
0.00693376 -0.0168456 26.0426
0.0129301 -0.0199042 25.5589
0.00522575 -0.0284302 26.2893
0.00757612 -0.0206565 25.7883
0.0106359 -0.0172561 25.2413
0.00653242 -0.0192885 25.5984
-0.00219542 -0.0270666 26.9294
-0.014639 -0.0329264 28.8624
-0.0259407 -0.0404985 30.8858
0.0306734 -0.0300434 19.3279
0.0320664 -0.0222044 19.2656
0.000451062 -0.0294594 26.6278
-0.0189229 -0.0117995 31.3358
-0.0269792 -0.0264843 34.1122
0.00269961 -0.0229513 25.6031
0.000565896 -0.0092147 25.8103
-0.0261934 -0.0420189 35.294
-0.0261966 -0.0502771 35.4202
-0.0167821 -0.060754 32.1561
0.0072154 -0.0552211 22.7617
0.0326403 -0.0433248 12.9139
-0.000884605 -0.0598561 26.9825
-0.00505298 -0.0584278 28.8295
0.0058091 -0.0905502 23.9885
0.0114106 -0.0606409 21.0691
-0.00246253 -0.0518471 28.0584
0.00149678 -0.0375006 25.6666
0.0087807 -0.0331588 21.8798
-0.00431854 -0.0213735 28.8664
0.00590416 -0.0301469 23.0785
-0.0043592 -0.0140902 28.6802
0.0245748 -0.0182441 11.3561
0.0176305 0.00506 14.9806
0.0208954 -0.0348469 13.8823
0.00743464 0.0121586 25.3298
0.0130826 0.000444664 25.468
0.00779091 -0.00163251 25.6484
0.014464 -0.0146901 25.2902
0.0127212 -0.0210277 25.7481
0.00109006 -0.021679 26.5417
0.000614204 -0.00891438 26.3972
-0.00134771 -0.0132634 26.6113
-0.00770455 -0.0131743 27.4477
-0.0192252 -0.0109804 29.3026
-0.0321796 -0.0164958 31.6746
0.0203752 -0.0120104 21.1246
0.0274885 -0.0117721 19.8547
0.00203837 -0.0213014 25.8584
-0.00368973 -0.0260222 27.514
-0.00526406 -0.0148917 27.5428
0.00707571 -0.0050986 23.8686
0.00597941 -0.0113311 24.1479
-0.0193785 -0.0226639 32.4988
-0.0144362 -0.0149009 30.4843
-0.0196715 -0.0259165 32.2311
0.0195581 -0.0418986 17.8737
0.0148262 -0.0509536 20.3742
0.00889703 -0.0349548 22.3596
-0.00540051 -0.0276426 28.4777
0.00292491 -0.0352674 24.6054
0.0124483 -0.0292202 19.8736
0.00461724 -0.023571 23.9652
0.0124808 -0.023393 19.7028
0.0217365 -0.0155616 14.6965
0.00649612 -0.00177034 22.605
0.00280614 0.00400004 24.3464
0.00653504 0.0173381 21.2807
0.0224205 -0.0024431 12.4187
0.0109866 -0.015218 19.6616
-0.00805869 -0.0283285 31.9112
-0.00278054 0.0262456 24.933
0.00013515 0.0159569 25.305
0.0199566 0.0196283 24.336
0.0125238 0.00807174 25.1881
-0.00779614 -0.0186853 28.009
0.00373577 -0.0156303 26.4309
0.00938325 -0.00413085 25.4633
-0.00588367 -0.00514949 26.9763
-0.00464372 -0.00197717 26.8615
-0.0277434 0.00314086 30.2079
-0.0279088 -0.00426626 30.3391
0.0383776 -0.0165386 17.3902
0.0247297 -0.00316088 20.1592
-0.00615452 -0.00123424 27.1549
-0.000597014 0.00696975 25.3018
0.00957452 0.0114719 22.6588
0.0152355 0.0053877 21.0482
-0.00362646 0.0012278 27.0205
-0.0108134 0.00737088 28.5226
-0.0326882 0.0243481 35.5866
-0.0116258 0.0117962 27.6268
0.00714398 -0.00079552 21.2121
0.016976 -0.00492507 17.6876
0.0139393 -0.00039978 19.0275
-0.00902666 -0.00307352 29.2421
-0.0133135 -0.0146677 31.3085
0.037565 0.00273673 6.36993
0.0200013 0.00887771 14.5785
0.0105902 -0.000265907 19.7135
0.0201176 -0.0060479 15.1669
0.0130321 0.00883837 18.7332
0.0218868 0.0178009 13.1714
-0.00401484 0.0159633 27.4779
-0.00201294 0.0079031 26.9702
-0.020284 -0.0103207 38.9308
-0.0159436 -0.0142114 36.4036
-0.0110986 0.0351138 24.5923
-0.0124369 0.0294904 24.9772
-0.0094732 0.0125132 25.8399
-0.00325278 -0.0108674 26.7684
-0.000736245 -0.0356841 27.9166
0.00364932 -0.0271625 26.6831
0.000702249 -0.0135519 26.6254
-0.000170117 0.000821412 25.4678
-0.00474833 -0.00805169 26.8867
-0.00868608 0.00495499 26.773
-0.0292722 -0.000688012 30.6183
0.0300983 -0.0271407 19.985
0.0242082 -0.010495 20.5602
0.00445018 -0.00315487 24.6258
0.0324033 -0.0141452 18.3253
0.00520503 -0.00724592 24.7986
0.00742996 -0.00649865 24.1127
-0.00352137 -0.0191096 28.0349
-0.00965167 -0.0170946 29.5339
-0.0208968 -0.0277171 34.6528
-0.0190882 -0.0321423 33.1267
0.0152061 -0.040383 20.4286
0.00789696 -0.0196618 22.634
0.00895464 -0.00635552 21.8155
0.00509326 -0.0278784 24.6949
0.00261964 -0.0100928 24.6537
0.00750653 -0.0141161 22.6744
0.0161658 0.0181521 16.6902
-0.00564283 -0.0152503 29.6752
0.0189433 -0.00361388 15.897
0.0159031 -0.0050886 17.855
-0.00437218 -0.00464622 29.3124
-0.0160156 0.00508444 35.1962
0.00322157 0.00318079 23.8755
-0.0322361 0.00426702 45.6177
-0.0244327 -0.0029308 41.2329
-0.0154111 0.034389 24.7478
-0.0158463 0.0279913 25.3322
-0.0326498 0.0204794 26.1273
-0.0197548 0.0145992 25.7415
-0.00455528 0.000314945 25.7925
0.0176037 -0.00199148 23.6978
0.0103861 -0.00414131 24.8583
0.000358397 0.00403687 25.3611
-0.0116232 0.00782136 26.7647
-0.0205802 0.00265536 28.7616
-0.0544738 0.0107276 33.9269
0.0427253 0.00356535 14.42
0.0440356 -0.0127191 16.0573
0.0176298 -0.000410007 21.0847
0.00794219 -0.010048 24.2467
-0.00995295 -0.00934468 29.345
-0.000957576 -0.0241035 27.6532
-0.00281838 -0.0117866 27.4497
-0.00543858 -0.0268538 28.8162
-0.0505594 -0.0353805 45.3879
-0.0304246 -0.0451604 38.2529
0.00030874 -0.0320778 25.4105
0.0222609 -0.012081 15.4682
0.0225595 -0.00764033 15.4835
0.00825914 -0.0125679 21.8968
0.00719485 -0.0141303 22.6535
0.0226476 -0.0130404 15.068
0.0123117 -0.0179764 20.8544
0.00133482 -0.0204763 26.3001
0.0206058 -0.0211436 16.3078
0.0119577 -0.0038317 19.9991
0.0206388 -0.00934603 15.5827
-0.0211912 -0.0120526 39.696
-0.00758915 -0.00335597 30.8474
-0.0443755 -0.0117295 54.3607
-0.0238749 -0.00162107 40.8074
-0.0346181 0.0291628 25.4026
-0.0394748 0.0182183 26.5985
-0.0259321 0.042271 23.2152
-0.0182618 0.019188 24.8995
-0.0200495 0.0183941 25.2011
0.0192937 0.0225105 21.2003
0.0122935 0.00782573 23.5242
0.00220104 -0.00158148 25.6321
-0.0163393 0.00299716 28.0303
-0.0268166 0.0107096 28.9736
-0.0528079 0.0268345 31.7736
0.0300184 0.0196096 15.198
0.054301 0.0319815 9.85749
0.0129476 0.0151774 20.8421
0.00776267 0.00667074 22.8419
-0.0113636 0.0287863 25.6605
0.000843953 0.0101752 23.8589
-0.0112488 0.0250652 26.2878
-0.0414905 0.0145765 37.3196
-0.0606803 -0.00586276 45.991
-0.0271899 0.0286898 29.8448
0.0279296 0.0328584 8.83162
0.040425 0.00528853 6.88456
0.00770617 0.000408191 21.2053
0.00234528 0.00446917 22.9235
0.0196441 -0.00613433 16.5276
0.00784251 -7.2845e-05 20.997
0.017111 -0.00580126 17.2654
0.0107261 -0.0108296 20.5636
0.0159299 -0.00876279 17.751
0.0160592 0.000531879 17.1184
0.016525 -0.00941273 18.2936
-0.0210938 0.00389868 38.1658
-0.00299668 0.00842913 26.9042
-0.0505267 0.00770681 56.5318
-0.026246 0.00899269 41.3356
-0.0406663 0.0267474 25.7095
-0.0413315 0.0202493 26.4761
-0.0365858 -0.000247333 28.5716
-0.0189796 0.0318711 24.3939
-0.00351042 -0.030612 29.193
-0.0189265 0.0345053 23.9639
-0.00740991 0.00486125 26.1614
-0.00883783 0.000946078 26.7766
-0.00243271 -0.00297643 26.5353
-0.010174 0.0149953 25.5848
-0.0135674 0.0359767 23.5647
0.0172278 0.0436467 16.4401
0.00889049 0.0155907 21.8171
0.00601165 0.00735939 23.2304
0.00724658 -0.00408466 24.3144
0.00292147 0.0455514 19.9836
0.00115836 -0.00188914 25.5186
-0.00182735 0.0288362 23.6387
-0.0384836 0.0159422 36.4125
-0.0115225 0.0635068 21.1413
-0.00849492 0.0923823 16.7966
0.00190939 0.0749209 14.8589
0.0187304 0.0514741 11.0977
0.00443444 0.0245278 20.2651
-0.00451798 0.05483 20.7722
0.00509066 -0.00116782 22.7255
0.00630039 0.00575271 21.1161
0.00862333 -0.00629188 21.5392
0.0109378 -0.00691468 19.9515
0.0170177 -0.00914356 17.1647
0.0242382 -0.00451948 13.0542
0.014125 -0.0139436 20.1397
-0.0401349 0.00587646 49.0684
-0.0106673 0.0110046 31.1847
-0.0285924 0.011111 42.5418
-0.0151004 0.0145002 33.7522
-0.00871663 0.0327208 70.9475
-0.0106105 0.0400173 69.997
-0.01449 0.0535645 68.2829
-0.0127765 0.0739273 65.3673
-0.00354958 0.102876 60.654
0.0118186 0.0852646 61.6596
-0.0153558 0.119099 59.4464
-0.0133928 0.0909733 63.4421
-0.0120632 0.0956579 62.5516
-0.0157253 0.0925128 63.6228
-0.0128899 0.090355 63.4054
-0.0142654 0.0877546 64.0345
0.0093218 0.0196223 21.0509
-0.0176832 0.0954123 63.8885
-0.0212511 0.116946 61.6531
-0.0155545 0.113823 60.5502
-0.011411 0.116606 58.9058
-0.0133359 0.116845 59.4882
-0.0133741 0.0147621 27.95
-0.0308916 0.11878 65.1607
-0.023861 0.129045 61.1975
-0.0108013 0.118077 57.9669
0.0627007 0.0646286 7.27084
0.0281432 0.0557225 23.0679
-0.00494563 0.0420253 39.1627
-0.0164478 0.00513799 49.0415
0.00773002 0.0220193 18.343
0.0013252 0.0232223 21.2306
0.0175032 0.0165263 13.6281
0.0211586 0.0049294 13.2421
0.0358897 0.000466132 5.96407
0.0168841 0.00413308 16.2588
-0.00793086 0.0175093 28.7343
-0.00663995 0.0113689 28.8068
-0.0126295 0.0144446 32.1148
-0.00221042 0.0145049 25.6128
-0.00201338 0.0311825 71.1064
-0.00135413 0.0374042 70.1371
0.000213841 0.0469159 68.625
-8.07546e-05 0.0674148 65.5423
0.0113243 0.0651028 65.2519
-0.00531878 0.0788606 64.4916
-0.0133328 0.093566 62.9525
-0.0114371 0.0708898 66.2845
-0.0150408 0.0615042 68.3746
-0.0130981 0.0726572 66.3415
-0.0144779 0.0521478 69.6783
-0.0170743 0.0610917 68.7266
-0.00937219 0.0792561 64.3508
-0.011129 0.0525152 68.9004
-0.00895089 0.0756335 64.766
-0.00692464 0.0664935 65.4805
-0.012175 0.0861116 63.8275
-0.0162216 0.100766 62.8698
-0.0305691 0.0898807 69.3946
-0.0229284 0.0970539 65.794
-0.00803483 0.0859375 62.1294
-0.0118647 0.083598 63.896
-0.00747227 0.102689 59.0905
-0.014511 0.106328 61.3939
-0.0157647 0.115721 60.4263
-0.0207434 0.100528 65.0731
-0.0124254 0.105949 60.2052
-0.778675 0.417919 358.753
0.0177218 0.00154629 15.694
0.0221602 7.09284e-05 13.3181
0.0464056 0.00754169 -0.935997
0.0221702 0.00463605 13.571
-0.000125925 0.0169709 24.415
-0.0174783 0.0191299 34.2638
-0.0187645 0.011423 36.2993
0.0196392 0.0113241 12.3794
0.00295669 0.028544 71.4921
0.00422592 0.0314649 70.964
0.00635997 0.0341905 70.4269
0.0066793 0.035296 70.2572
0.00450715 0.0250182 72.2216
-0.00644849 0.0232584 73.4978
-0.0142964 0.0362491 72.0838
-0.0176142 0.0173878 75.6744
-0.0141323 0.0158543 75.4969
-0.01732 0.0232695 74.8176
-0.0151372 0.0240396 74.2371
-0.0170048 0.0265005 74.1582
-0.00612883 0.0265905 71.7893
-0.00601425 0.0214669 72.5834
-0.0104336 0.0295159 72.3984
-0.0124596 0.0206067 74.4096
-0.0108032 0.020575 73.9018
-0.0153917 0.0324764 73.3069
-0.0107501 0.0366988 71.092
-0.0101142 0.0456767 69.4097
-0.0185966 0.0329115 74.6478
-0.0138022 0.026984 73.8446
-0.00825686 0.0366286 69.9656
-0.0132157 0.0412196 71.2176
-0.0129218 0.0416108 70.9594
-0.00926072 0.0463691 68.536
0.000987033 0.0537173 62.4568
0.0128194 0.0501557 57.0898
0.0187969 0.00458812 14.4709
0.0394867 0.00366393 3.45302
0.0561075 0.00846189 -6.47667
0.0178688 0.00609406 15.746
0.000286464 -0.00273512 27.2543
-0.0169721 -0.00771269 38.2475
0.000491015 0.00364827 25.4625
0.0350279 0.00144125 4.39448
0.0041049 0.0248197 72.1609
0.0045339 0.0246006 72.1991
0.00396857 0.0229657 72.547
0.000518279 0.0187518 73.56
-0.00394856 0.011809 75.1882
-0.00713541 0.00892373 76.0267
-0.0158156 0.00766692 77.1973
-0.0151867 0.0161286 75.4126
-0.0111183 0.0129118 75.4436
-0.0105337 0.0109841 75.7338
-0.0119558 0.0164908 74.9528
-0.0172391 0.0220721 74.9312
-0.0120708 0.0227665 73.647
-0.00983067 0.0163862 74.3676
-0.0104767 0.012303 75.3211
-0.0143456 0.0169835 75.441
-0.014975 0.0149212 76.0048
-0.0113918 0.0108857 75.6813
-0.0135974 0.00857708 76.861
-0.0150185 0.0104679 77.0669
-0.0145996 0.0092333 77.1292
-0.0114104 0.0111499 75.5948
-0.00770795 0.0105536 74.1971
-0.0107849 0.0183454 74.1149
-0.00918892 0.026709 71.6914
-0.00404797 0.0223978 70.2369
0.00546168 0.018639 66.3888
0.0232971 0.00606662 60.0563
0.00830146 -0.00235292 21.11
0.0458586 0.0123908 -1.64125
0.0380954 0.0362485 -1.90086
-0.021957 0.0566553 28.5103
-0.0105867 0.00193602 32.4088
-0.0100384 -0.0033994 33.134
0.00922671 0.00433237 19.8689
0.027243 -0.00248908 10.0423
0.00260498 0.0203468 73.0702
0.00230228 0.0184403 73.4806
0.000465819 0.0157431 74.1216
-0.00290632 0.0127819 74.9264
-0.00538134 0.0135922 74.9178
-0.00943567 0.00915917 76.1656
-0.0123702 0.0129257 75.6954
-0.00971776 0.0184235 74.2259
-0.016623 0.0199091 74.9069
-0.0132715 0.01722 74.9152
-0.00654076 0.022651 72.5907
-0.00912903 0.0256635 72.4491
-0.0094106 0.045888 68.2367
-0.0141675 0.0237766 73.8672
-0.0112977 0.0179873 74.3329
-0.00836781 0.024435 72.227
-0.0160662 0.0214611 75.0154
-0.0142721 0.0169666 75.3471
-0.0129628 0.0171338 74.9319
-0.0193859 0.0167258 77.3519
-0.0138825 0.0147496 75.7767
-0.00981106 0.0178215 73.5745
-0.00182666 0.0265333 68.5266
-0.0045281 0.0275059 69.4731
-0.0150405 0.0589559 67.6927
-0.0143836 0.0184065 75.7287
-0.0048173 0.00549088 73.9164
-0.0222934 0.0113498 80.8744
0.0143865 0.00670967 16.1173
0.0814947 0.030441 -24.458
0.113264 0.127579 -61.6773
0.249465 0.474805 -210.901
0.00650672 -0.0426671 39.0324
-0.0202077 0.00647818 37.3324
0.00193648 -0.00528564 26.298
0.45277 0.585106 -380.453
0.000312786 0.016285 73.9734
-0.000173086 0.014225 74.4546
-0.00190937 0.0121677 74.9909
-0.00474147 0.0109747 75.4172
-0.00719255 0.00971661 75.8641
-0.00737873 0.0120842 75.3166
-0.00465298 0.0191102 73.4637
-0.0122973 0.0264576 72.9182
-0.0125196 0.00817305 86.1107
-0.023136 0.00933544 87.6119
-0.0267908 0.0167267 86.4863
-0.0182631 0.013534 85.5482
-0.0123648 0.0249667 81.5027
-0.0048284 0.022128 80.4047
-0.0127408 0.00785619 85.881
-0.0273478 0.00564945 90.4201
-0.0226529 0.035721 74.0084
-0.0205207 0.0188564 76.9956
0.0252827 0.00199488 82.3594
0.0165235 0.00181675 85.5721
0.0148505 -0.00120437 86.807
0.0204507 0.000235582 84.3603
0.017392 -0.000373883 85.7663
0.0105575 -0.000865523 88.7106
0.00826474 -0.00159261 89.853
-0.000516063 -0.0042213 94.4617
-0.0128005 0.0130723 76.0904
-0.023221 0.0228756 78.9631
-0.0891826 0.0196099 66.5963
0.153885 0.0195654 -61.0909
0.180675 0.0642885 -85.2601
0.114377 0.00107277 -32.5109
0.0100384 -0.0077698 29.4148
-0.0528385 0.00810198 62.9409
-0.0298048 0.00359262 49.7868
0.0276309 0.0259835 9.10632
-0.00160053 0.0132581 74.6997
-0.0019378 0.0118097 75.0624
-0.00271764 0.0106573 75.3732
-0.00342275 0.0108358 75.3655
-0.00417415 0.0160786 74.1433
-0.00470988 0.0182519 73.6358
-0.00140509 0.0178631 73.3517
-0.00530757 0.0242324 81.2149
-0.0113159 0.0053985 86.5741
-0.0162145 0.0050033 87.4881
-0.0269728 0.00994302 88.1582
-0.0181156 0.00903417 86.5774
-0.0102414 0.0154464 83.2985
-0.0088673 0.0123094 83.7494
-0.0168601 0.00875521 86.773
-0.02459 0.00754612 89.2001
-0.0509863 0.0131048 95.6131
-0.028485 0.0103348 81.5066
0.0329697 -0.00575126 81.6439
0.0179037 0.00108763 85.2594
0.0135024 0.00259325 86.4174
0.0211488 0.00421362 83.0906
0.0176392 0.00230963 85.0364
0.00976699 5.20886e-05 88.8236
0.00574602 -0.00109766 90.87
0.00281891 0.00138862 91.6094
-0.0124695 0.0128123 75.9806
-0.0320961 0.00941758 86.344
-0.0144992 0.0227319 45.3901
0.194173 0.0379231 -86.8208
0.127521 0.0604307 -54.7781
0.0819715 -0.00522082 -12.3633
0.00938143 0.0106383 25.5987
-0.031524 0.00794404 50.3156
-0.0124778 0.00339631 39.3393
0.0241144 0.02421 11.9707
-0.00268673 0.0112874 75.2055
-0.0028876 0.0106574 75.375
-0.00312043 0.0102044 75.5003
-0.00282815 0.0101652 75.4899
-0.00170429 0.0112337 75.1257
-0.000978005 0.0120416 74.8334
0.00747606 0.0185644 72.1885
-0.0202338 0.00801268 87.2024
-0.0139131 0.00452423 87.1577
-0.0168061 0.00399641 87.8199
-0.0264483 0.00596162 89.0362
-0.0166976 0.005477 87.1548
-0.00835607 0.00675571 85.0269
-0.00752401 0.00563185 85.1323
-0.0158008 0.00518484 87.4278
-0.0250237 0.00422986 90.1405
-0.0307373 0.00242007 92.2908
-0.00551072 0.0106824 74.075
0.0413794 -0.00408924 78.2547
0.0240634 0.00320983 82.5291
0.014726 0.00256616 85.9788
0.0223985 0.00573808 82.214
0.0140295 0.00356989 86.1778
0.00817998 0.00256597 88.8559
0.00427204 0.00161965 90.8155
0.000779734 0.000277059 92.7604
-0.0128241 0.0159015 75.2998
-0.0504698 0.0154529 93.9383
-0.0402869 0.0428281 53.634
0.0103159 -0.0104642 41.0727
0.0251455 0.0513154 4.99736
0.0577288 0.0197985 -5.04191
0.00904899 0.0123045 24.9769
-0.357542 0.0822115 225.329
0.0269618 0.0305667 7.66762
0.04344 0.012987 2.25851
-0.00290685 0.00996184 75.5655
-0.00306438 0.0100983 75.53
-0.00327229 0.0103708 75.4596
-0.00320493 0.0107186 75.3536
-0.00171732 0.00921603 75.6494
0.00358374 0.0101369 74.8603
0.0183754 0.018683 70.8615
-0.0177297 0.00800414 86.8324
-0.0150113 0.00998582 85.8105
-0.0173832 0.00581907 87.4119
-0.0258116 0.00655589 88.7206
-0.0182926 0.0063027 87.2482
-0.0105021 0.00563018 85.7763
-0.00844292 0.00494117 85.5485
-0.0143542 0.00684457 86.5552
-0.0257618 0.00567311 89.9517
-0.031463 0.00666332 91.3603
0.0161238 0.0129024 66.5666
0.0472996 0.00635875 73.4425
0.025848 0.00547449 81.2824
0.0166536 0.00655936 84.1745
0.0222801 0.00548314 82.3905
0.0114412 0.00430573 87.0453
0.00844891 0.00441472 88.2333
0.00757362 0.00752867 87.7508
-0.00343944 0.00950878 92.2316
-0.0128739 0.0160658 75.3042
-0.0198069 0.0175625 78.2893
-0.054773 0.0319683 64.0098
-0.0711491 0.00225544 81.0461
0.0241889 0.0836839 -3.55337
0.0176559 0.0548746 8.07946
-0.00180143 0.00616061 33.036
-0.0531319 0.0770384 43.1122
0.0159066 0.0307236 14.3309
0.0467167 0.0167871 -0.874498
-0.00237763 0.0088244 75.889
-0.00245257 0.00959308 75.6598
-0.00236144 0.0106119 75.3496
-0.00172169 0.0123149 74.8003
0.000547998 0.016999 73.2209
0.0148806 0.0175367 71.5421
0.0400082 0.0229397 67.2419
-0.00730312 0.0108291 84.5597
-0.0179749 0.014985 84.8127
-0.0180246 0.0103261 86.1965
-0.0223434 0.00930859 87.267
-0.0214231 0.0120843 86.2203
-0.0118934 0.00628746 85.8984
-0.00618186 0.00434897 85.1609
-0.011971 0.00504432 86.4578
-0.025935 0.0079892 89.3056
-0.0318453 0.0158086 88.7201
0.0213888 0.0152388 64.2252
0.0453704 0.0101702 73.0239
0.0271872 0.00820653 80.0044
0.0191435 0.0116638 81.8035
0.0191449 0.00886446 82.6389
0.0113525 0.00334238 87.3922
0.00813518 0.00671969 87.7408
0.00413904 0.00581156 89.7894
-0.00733809 0.00358196 95.7171
-0.0102005 0.0126936 75.005
-0.00937409 0.0151123 73.9546
-0.0642941 0.016736 73.2796
-0.095222 -0.0141382 98.4777
-0.129922 0.104882 77.1996
-0.0475819 0.061929 44.1062
-0.0529862 0.020512 59.5148
-0.0240706 0.0138521 43.8892
0.00854901 0.0228641 21.2085
0.0109174 0.0168192 21.6563
-0.00125951 0.00754565 76.2715
-0.00122079 0.00878264 75.8769
-0.000661606 0.0101863 75.4074
0.000829778 0.0117828 74.8153
0.00298393 0.0122861 74.5024
0.00718249 0.0163111 72.6884
0.0414626 0.0158825 69.2405
-0.0086508 0.0127425 84.1876
-0.0182412 0.0158573 84.6032
-0.0215147 0.0210928 83.4164
-0.0191376 0.01658 84.3778
-0.0222011 0.0152823 85.4224
-0.0174371 0.0110704 85.6446
-0.0078124 0.00436439 85.5471
-0.0113384 0.00268857 87.0298
-0.0295917 0.0197045 86.7262
-0.0680265 0.0266367 96.1335
0.00681563 0.0158022 68.6552
0.0396529 0.0106775 74.9028
0.0291733 0.0093409 78.9815
0.0200614 0.0111956 81.6703
0.0109157 0.004878 87.0987
0.00892094 0.00250565 88.6001
0.00907756 0.000540845 89.22
0.00261036 -0.000985085 92.5875
-0.0118946 0.000330751 98.8171
-0.000527716 0.0103008 71.0275
0.00658727 0.0105123 67.4661
-0.11272 0.000325616 103.381
-0.147287 0.0559177 103.792
-0.192026 0.0529664 128.995
-0.148687 0.0995549 89.7505
-0.0687466 0.0254601 66.3659
-0.0342232 -0.00278699 54.9354
0.299005 -0.471987 13.5273
0.0109174 0.0168192 21.6563
0.000267472 0.00589262 76.7955
0.000296878 0.00744859 76.2722
0.000754451 0.00894834 75.75
0.00172263 0.00997143 75.353
0.00244091 0.00925779 75.546
0.00950882 0.0111157 74.1529
0.0460882 0.00504577 72.2612
-0.0048858 0.0110375 84.1954
-0.00642864 0.0184732 81.8806
-0.00923724 0.0415796 74.6451
-0.0186525 0.0416058 76.0432
-0.0244699 0.0199259 84.3802
-0.0312281 0.0241037 84.496
-0.0174921 0.00734599 86.9143
-0.0101835 0.00268616 86.6733
-0.0144185 0.00631276 86.6386
-0.0190492 0.0235822 82.3018
0.00214705 0.0152767 70.3101
0.0400327 -0.00310558 79.3348
0.0328382 0.00254638 79.9304
0.0151114 0.0051731 85.4603
0.00836761 0.00300984 88.6827
0.00819789 0.00320227 88.6559
0.0136751 0.00186613 86.8352
0.00378172 0.000501231 91.6752
-0.00693096 0.00165949 96.1569
-0.000551207 0.0140686 69.8017
0.0030319 0.0176419 66.9516
-0.138908 -0.0266876 125.913
-0.119112 0.0220679 99.2732
-0.141705 0.116104 81.128
-0.155558 0.081491 99.5356
-0.00398565 0.0504693 20.224
0.528203 0.0796102 -307.093
0.2779 0.0660276 -148.477
0.2779 0.0660276 -148.477
0.00208797 0.00390576 77.4615
0.00200457 0.00568074 76.8354
0.00200533 0.00739913 76.2271
0.00218513 0.00858139 75.7978
0.00218398 0.00938439 75.5169
0.00620235 0.00972239 74.9081
0.0366055 0.010066 71.5041
0.00966025 0.0116392 82.0651
0.020869 0.0287606 74.1152
0.192311 0.038458 44.9848
0.069049 0.0114531 76.7687
0.00110269 0.00216953 93.167
-0.0865506 0.0142219 107.411
-0.020089 0.00566992 88.1376
-0.0112375 0.00483859 86.1941
-0.00732512 0.00689629 84.4217
-0.00801718 0.00993059 83.6117
-0.0140125 0.0183782 82.4635
0.0666555 -0.00829545 71.9792
0.0407268 0.000321825 77.9276
0.0168573 0.00113215 86.227
0.00715911 0.00270736 89.2915
0.00685447 0.00358725 89.0518
0.0129524 0.00340804 86.6017
0.00280762 -0.0019158 92.9327
-0.0062968 -0.00606366 98.5541
-0.00353865 0.0174518 70.138
-0.00663229 0.0113417 73.9117
-0.00102316 0.00762089 72.3818
0.0168395 0.0587647 19.786
0.0263484 0.129089 -10.2982
-0.169738 0.123981 94.5388
-0.00466803 0.00754633 35.714
0.00399443 0.0466035 16.654
0.0369982 0.0462466 -3.2168
0.0369982 0.0462466 -3.2168
0.00413439 0.00169362 78.2398
0.00403074 0.00363462 77.5205
0.00374186 0.00585239 76.7077
0.00326708 0.00830762 75.8189
0.00407782 0.0109248 74.7664
0.0106577 0.0140758 72.8738
0.0385811 0.0198973 67.7855
0.0392836 0.0176878 75.5834
0.142647 0.0711118 40.7054
0.164645 0.0482199 46.3348
0.0661417 0.0241478 72.876
0.00197097 0.0200627 86.6503
-0.0637499 0.0131298 102.88
-0.026145 0.0186725 84.8534
-0.0171477 0.0161714 83.5287
-0.00793418 0.00808287 84.109
-0.00262957 0.00581528 83.4385
-0.00331571 0.0129068 81.0566
0.0592985 0.0165945 65.4498
0.0359923 0.00221472 78.915
0.0166826 -0.000913136 86.9938
0.0119327 -0.000903166 88.7378
0.0109809 0.00482473 86.961
0.00816307 0.00779508 87.0609
0.000735713 0.00711529 90.5196
-0.0116132 0.00193484 98.0685
-0.00450361 0.0125713 72.3092
-0.0053752 0.00774776 74.5209
-0.0023993 0.00289665 74.7717
0.0239916 0.0423347 21.9744
0.0149591 0.0430573 26.7913
0.139025 -0.0302014 -35.2614
0.045609 0.0270788 -1.24672
0.0287243 0.020999 10.9646
0.0692205 0.0541805 -25.9152
0.0566886 0.126962 -34.8199
0.00619092 -0.000271997 78.9614
0.00634347 0.00155755 78.244
0.00679645 0.00400657 77.2724
0.0072273 0.00802544 75.6837
0.00880563 0.0147653 72.9237
0.0150783 0.0153003 71.9927
0.0412818 0.0115839 70.8625
0.028147 0.0237026 74.733
0.101288 0.0515408 53.0286
0.0773203 0.0273323 69.7962
0.0237878 0.0286423 79.1898
-0.0534362 0.0162444 99.5143
-0.128428 0.0178534 115.261
-0.0289073 0.0353483 79.054
-0.0200962 0.0256059 80.6632
-0.00980699 0.0187597 80.5128
-0.000513383 0.0057686 82.8163
-0.00466902 0.0174971 79.6336
0.012998 0.0233253 78.5492
0.0227586 0.00316035 83.174
0.0149845 -0.0009641 87.6347
0.0116513 -0.00130734 88.9953
0.0162542 0.00019702 86.5517
0.0128403 0.0030509 86.9545
-0.00438792 0.00247205 94.6132
-0.00877074 0.00213643 96.6919
-0.00921287 0.0100076 75.5939
-0.0104143 0.0087656 76.6988
-0.00560879 0.00663419 75.0762
0.0190974 0.0241948 31.3092
0.0210731 0.0254098 29.9251
0.00597787 0.0285499 37.0776
0.0313803 0.0284155 7.61864
0.692477 0.0261046 -386.968
0.0576967 0.115765 -31.0503
0.0654995 0.131332 -42.0009
0.00793572 -0.00139878 79.3859
0.00839431 6.91338e-05 78.7742
0.0101994 0.00174168 78.0187
0.0133656 0.00387966 76.9752
0.0133586 0.00579595 76.253
0.00688384 0.00735883 76.0667
0.0349364 0.000137877 75.9742
0.0299462 0.0217806 75.185
0.172875 0.0514811 43.4083
0.0751549 0.0410473 64.4171
0.0292499 0.0268746 78.6943
-0.0411805 0.0199708 95.5097
-0.10765 0.0366534 103.061
-0.0267961 0.0475306 73.5366
-0.0239707 0.0368929 77.1463
0.0402841 0.0887391 52.4499
0 0 -1
0 0 -1
0.00188016 0.0193973 83.8328
0.0123929 0.0138668 82.4778
0.0139169 0.00281918 86.4769
0.011055 0.000552804 88.4567
0.0152768 -0.0011877 87.4535
0.0124937 -0.00346999 89.6609
0.00024407 -0.00293392 94.7421
-0.00632052 0.00179283 95.6886
-0.00873746 0.00408246 77.7038
-0.00844362 0.00143002 78.6707
-0.0092849 0.00282203 78.4778
0.00450993 0.0303901 36.724
0.0116619 0.0273565 34.2898
-0.0253661 0.0181224 58.9104
-0.0250098 0.0193726 57.4526
0.0508307 0.0983551 -19.9017
0.0722114 0.109245 -37.1815
0.0613226 0.11053 -30.8778
0.00924508 -0.00170059 79.4941
0.00955503 -0.000535443 78.9892
0.0107363 0.000339086 78.5681
0.0126915 -0.000240351 78.7053
0.0154585 -0.00403819 80.1195
0.00460594 -0.00231765 80.3232
0.0187413 -0.012913 83.2849
0.0220568 0.0283587 73.4511
0.178796 0.0674717 34.9517
0.0897484 0.0770745 46.0978
0.0365757 0.0300803 75.845
-0.0327101 0.0232479 92.2711
-0.104995 0.0407371 100.429
-0.0496625 0.0690356 70.137
-0.0316354 0.0428439 76.6288
0.0738986 0.0707164 50.6226
0.0290132 0.0905294 55.5332
-0.00607682 0.084719 68.5814
-0.067426 0.0746984 92.2337
0.0136837 0.0185765 79.954
0.00897629 0.0143195 83.4033
0.00977777 0.0097561 85.0439
0.0138116 0.0102126 83.2425
0.0105628 0.00775842 85.7086
0.0037055 0.00756592 88.8077
-0.0123825 0.011129 94.5517
-0.00630344 0.0048856 76.1667
-0.0149818 0.00726721 79.4966
-0.00589979 0.0058192 75.433
0.00372229 0.0284497 38.1216
0.00403366 0.0361263 34.8768
0.00768077 0.0397714 31.2551
0.0123558 -0.00221588 30.7217
0.0178884 -0.00587629 29.1883
0.0681971 0.0928344 -28.0166
0.0563214 0.0830877 -16.5128
0.0103403 -0.00154178 79.4125
0.0104802 -0.000380346 78.8935
0.0110894 0.00129922 78.1216
0.0100781 0.00130229 78.1719
0.0118854 0.00294836 77.2669
-0.00108398 -0.000639778 80.0637
0.021647 -0.00212353 78.0613
0.12171 0.0542213 48.9056
0.0313242 0.0161946 77.4435
-0.00986201 0.113739 46.8964
0.0155866 0.0563346 68.1081
-0.0229455 0.0500071 78.4225
-0.0585465 0.0737846 75.5087
-0.172128 0.148411 68.3774
0.179591 -0.046982 72.0429
0.116527 -0.0539239 93.3238
0.0450027 0.0227292 80.0348
-0.0105723 0.0354512 91.1696
-0.0329166 0.0382096 96.7597
0.00309276 0.073756 59.5726
0.0105677 0.0752739 56.1635
0.00698819 0.0579197 65.0585
-0.000614113 0.0644253 65.3702
-7.00897e-05 0.055798 69.2126
-0.00287638 0.0353027 79.645
-0.053566 0.0170414 110.888
-0.0097748 0.29441 -33.7142
-0.0112908 0.0265855 69.3318
-0.0140086 0.0134785 76.3068
0.0619286 -0.0778282 87.8388
0.0400951 0.264821 -59.4907
0.0268449 -0.440557 265.809
0.0355671 -0.0138245 67.4682
0.0656739 -0.113551 94.3422
-0.0160906 0.451995 -112.626
0.110787 0.00127853 10.8043
0.01138 -0.00129885 79.2928
0.0116758 -0.000150648 78.7581
0.012067 0.00145502 78.0054
0.0124047 0.00400971 76.8105
0.0174981 0.0141185 71.8481
0.00426377 0.0151921 72.4412
0.0368715 0.0450346 55.1074
0.744013 0.172422 -92.1015
-0.0196575 0.0877584 60.4862
-0.0104138 0.0882154 58.9976
-0.0139807 0.0398456 82.1339
-0.0145888 0.072356 66.9937
-0.0564717 0.112915 57.3716
-0.00505898 0.0817024 60.4258
0.0310737 0.00286419 88.1476
0.154364 -0.0426428 76.4829
0.0706359 -0.0331395 97.3053
-0.0205865 -0.0191711 118.369
-0.0732672 -0.011475 126.766
-0.0227491 0.0565392 77.8126
-0.0123688 0.0549466 74.8769
-0.00287347 0.0674335 65.422
-0.0126012 0.0478089 78.4414
-0.0133607 0.034074 85.1502
-0.0109739 0.0255942 88.0089
-0.00669644 0.0335723 82.3663
-0.0134781 0.00992718 96.5229
-0.00617076 0.0244466 86.0871
-0.0340934 0.378492 -70.7808
-0.00685451 0.358813 -75.815
0.0216547 0.370076 -96.822
0.00677877 0.42924 -115.935
0.0012873 0.423686 -110.403
0.00852698 0.43031 -117.72
-0.00973669 0.431746 -107.138
0.00581136 0.447051 -124.015
0.0165246 0.423707 -114.172
0.0165892 0.4236 -114.123
0.0170098 0.423417 -114.054
0.0179883 0.423066 -113.943
0.0198214 0.422296 -113.712
0.0223626 0.417768 -111.761
0.018491 0.418479 -111.693
0.00870868 0.40484 -103.839
-0.013105 0.0382498 82.579
-0.00700773 0.0445348 78.5375
-0.0137085 0.0468522 78.5764
-0.0106807 0.05331 74.8018
-0.0107818 0.0347976 83.7444
0.00683079 0.0356912 78.8601
0.0973096 -0.00452804 74.1443
0.165884 -0.00919625 57.2034
0.0973545 0.00269521 72.2758
0.0124553 -0.0113358 104.358
-0.0288468 -0.00698385 109.592
-0.0194803 0.0119299 97.3363
-0.0067494 0.01054 93.4335
-0.0100265 0.0255097 87.5991
-0.024109 -0.0102277 110.197
-0.0104513 -0.0045225 101.86
-0.0149153 0.018192 93.0539
-0.0104981 0.00212173 98.7094
-0.0263686 0.0464723 85.2907
-0.0433217 0.0312048 100.798
-0.0184212 0.406671 -92.1165
-0.00789868 0.405697 -97.3689
0.0237047 0.415851 -119.083
0.0118566 0.420203 -114.388
0.0027579 0.429244 -113.656
0.000874037 0.436449 -116.294
0.00795101 0.421797 -113.298
0.0125432 0.426308 -118.464
0.0165578 -0.125895 154.308
0.0166383 -0.125691 154.204
0.0169886 -0.125417 154.053
0.0175778 -0.125294 153.959
0.0180989 -0.125661 154.105
0.0210013 0.41394 -109.626
0.00876252 0.422282 -112.231
0.01742 0.345938 -75.3465
0.0114461 0.0799291 58.105
0.00132346 0.0922278 53.637
0.00487636 0.127981 35.4123
-0.00726667 0.121213 40.904
0.00519252 0.109911 43.5306
-0.00215623 0.0906931 54.5877
0.0262844 0.147446 19.3849
0.0948061 0.0741268 37.7467
0.0594024 0.0595585 54.9837
-0.0635432 0.00273363 120.913
-0.0629667 0.153687 45.6003
-0.0207355 0.330986 -57.3086
-0.00768597 0.382196 -87.3287
0.00360405 0.402139 -101.586
0.00166101 0.38033 -89.8205
-0.00693187 0.407415 -99.4738
-0.00815177 0.461843 -125.897
0.0172636 0.400847 -107.402
0.0113139 0.4529 -130.45
0.0204939 0.407418 -112.235
0.0135797 0.423292 -116.455
-0.0094416 0.435783 -110.7
-0.000221672 0.432988 -114.21
0.00468335 0.397503 -99.3851
0.0141907 0.416552 -114.198
-0.00428999 0.44398 -116.636
-0.0180582 0.420416 -96.6056
-0.119151 0.389788 -18.4824
0.00208266 0.4301 -116.005
0.00217184 0.430116 -116.02
0.00335237 0.430146 -116.089
0.00627069 0.430189 -116.282
0.0113378 0.43024 -116.689
0.0181345 0.431797 -118.121
-0.0109374 0.389286 -93.5552
0.00778138 0.353398 -77.8301
0.00231346 0.191217 4.62614
-0.00226667 0.188733 6.60798
0.00425547 0.237568 -18.8765
-0.0102165 0.229417 -12.1119
-0.00333116 0.235474 -16.6511
0.0120374 0.205602 -5.33312
0.0292599 0.228956 -21.3362
0.0437305 0.197292 -9.38432
0.0199214 0.103925 44.6411
-0.0107904 0.0858218 63.1543
-0.0178002 0.275863 -30.5643
0.0104652 0.310299 -57.6964
0.00497286 0.37074 -85.9638
0.0118363 0.407551 -107.104
-0.00587134 0.406298 -99.4365
-0.00340173 0.399 -96.7867
0.00381085 0.429169 -114.942
0.00252257 0.449274 -124.334
0.00670462 0.448479 -125.968
0.0152043 0.415409 -113.565
0.0220637 0.399074 -108.778
0.00505181 0.441104 -120.984
-0.00250375 0.440624 -116.682
-0.00317908 0.434624 -113.224
0.00837949 0.403784 -104.49
-0.00193036 0.415267 -103.964
-0.0549055 0.437724 -82.5994
-0.0909678 0.447181 -65.0316
