0 0 -1
0.186315 -1.151 29.3857
0.181537 -1.15211 29.4462
0.0596868 -0.0422163 46.9657
0.0596871 -0.042216 46.9657
0.0374242 -0.0120811 48.9132
-0.00361292 0.00660549 53.0263
-0.0222968 -0.000772344 55.3198
-0.0233547 0.0165009 55.2663
-0.0171066 0.0137787 54.3081
0.00784561 0.0172506 49.7227
-0.000505134 0.0111067 51.6587
-0.0166752 0.0146855 55.0814
-0.00265639 0.026974 51.391
-0.010574 0.0198903 53.4996
-0.005462 0.0185709 51.9592
-0.00871408 0.0217104 52.8247
0.0154792 0.0193718 45.5051
0.000612406 0.00648924 50.4482
-0.00716413 0.011154 52.941
-0.0199027 0.0165488 57.6561
0.000467543 0.0279923 49.745
0.00372313 0.0308075 48.2451
-0.00162409 0.0263278 50.7688
-0.0216741 0.0319624 59.1807
-0.0154189 0.0409533 56.2102
-0.00820929 0.0516277 52.7943
-0.0127729 0.0538764 54.9893
-0.0159871 0.0521505 56.4356
-0.00334909 0.0572554 49.8411
-0.00639374 0.0600019 51.4514
-0.00952369 0.0618851 53.1107
-0.0156833 0.0604292 56.6637
-0.0156126 0.052626 56.4759
-0.177677 0.0199403 116.287
-0.17579 0.0361356 114.361
-0.0861168 -0.0434565 13.086
-0.0989866 -0.0533958 13.5167
-0.100134 -0.0630276 13.9602
-0.100134 -0.0630276 13.9602
0.0693648 -0.025758 45.8933
0.0627732 -0.0144436 46.3274
0.011134 -0.00274259 51.5889
-0.0182063 0.000746264 54.7114
-0.0166056 0.00756758 54.3258
-0.011435 0.019057 53.0311
0.00283549 0.0025813 51.0512
-0.00632077 -0.00658415 53.2088
-0.0122582 0.00103951 54.1786
-0.00444837 0.00276752 52.35
-0.0102772 0.00182296 53.8117
-0.00337155 0.0170189 51.3388
-0.00274701 0.0162822 51.1883
0.00340338 0.0110266 49.4862
-0.00479239 0.00828141 52.1797
-0.0038784 0.00957471 51.7546
-0.00169952 0.0117584 51.0376
-0.00348251 0.0179921 51.5612
-0.00121902 0.0182264 50.585
-0.00175355 0.00932349 51.1767
-0.0213006 0.0190668 59.4881
-0.0066332 0.0236029 52.7001
-0.0062054 0.0236115 52.5472
-0.00150881 0.027565 50.0584
-0.00448083 0.0392418 51.2965
-0.00607173 0.033083 52.4104
-0.00297107 0.0390989 50.5412
-0.012873 0.0462924 55.9397
-0.0123617 0.0569691 55.2158
-0.0301622 0.0299412 66.4679
-0.11575 0.0649221 76.027
-0.158991 0.028697 103.912
0.0331522 -0.0385925 12.3699
0.07475 -0.124001 17.8858
0.0582098 -0.124408 18.5291
0.0557219 -0.120611 18.4359
0.0817472 0.0250591 42.4583
0.0557007 0.0142545 45.9792
0.015611 0.000126794 50.8217
-0.0146265 0.0119337 53.8304
-0.0149277 0.00815863 54.0227
-0.00430311 0.0077858 52.188
-0.00624989 0.00102782 52.8197
-0.00409402 0.00217264 52.3035
-0.00726445 0.0199907 52.1476
-0.0040973 0.0321784 50.701
-0.00670339 0.0286806 51.4962
-0.00638156 0.0192201 51.9587
0.00219975 0.0371693 48.5515
0.0051062 0.0286273 48.0553
-0.00345577 0.036529 50.421
-0.00847724 0.0362632 52.1456
-0.000803257 0.00734942 50.7878
-0.00387745 0.00622576 52.0189
-0.00378816 0.0041575 52.0533
-0.00245676 0.00128439 51.6719
-0.00489023 0.00516441 52.5383
-0.00528086 0.00911278 52.5115
-0.0084821 0.00747844 54.1004
-0.00378816 0.00476892 51.9003
-0.00311554 0.00534829 51.5636
-0.00361014 0.00389744 51.9363
-0.00104417 0.00631782 50.4407
0.00154015 0.00956165 48.8709
-0.0141764 0.0204654 57.5246
-0.0423989 0.0116775 74.8459
-0.0704515 0.0117487 91.5573
-0.120396 0.00132561 81.0398
0.10415 -0.0537819 11.5961
0.0774542 -0.0810184 15.0675
0.0587593 -0.112786 17.7773
-0.00212634 0.0102108 11.6221
0.046452 0.0389615 44.8567
0.0274381 -0.00288075 50.1652
-0.00330615 -0.00238428 53.3466
-0.00598491 -0.000184896 53.322
-0.0141696 -0.00056807 54.437
-0.0101951 0.00946682 53.0922
-0.00584905 0.00928266 52.2988
0.0047411 0.0197276 49.5216
0.00980525 0.0737909 44.7417
0.00724715 0.168963 39.774
-0.0140191 0.172765 44.7178
0.00641061 0.0729904 45.1237
0.00920815 0.113088 41.7789
0.0144444 0.105066 40.5501
0.00827562 0.120893 41.6896
-0.0610109 0.117093 65.9266
-0.0180077 0.022765 56.2035
-0.00425008 0.0113482 51.8007
-0.00471524 0.00505463 52.395
-0.00324768 0.00339613 51.9002
-0.00456341 0.00562884 52.323
-0.00304428 0.0070129 51.5404
-0.0112961 0.00805649 55.3717
-0.00570155 0.00228216 52.9485
-0.00276291 0.0030279 51.4231
-0.000535274 0.00362048 50.2193
0.00152855 0.00622342 48.9544
0.000596852 0.00787558 49.3975
-0.00773373 0.0112374 54.0826
-0.0371614 0.0110033 71.7128
-0.0643379 -0.00274705 88.4591
-0.115852 -0.00115877 77.7954
0.04241 -0.0933543 16.9237
0.0566881 -0.0915397 16.2527
0.0208707 -0.194923 26.5462
0.00779776 -0.173485 25.2174
0.122703 0.0202135 39.4858
0.0223121 0.00721849 50.1703
-0.00457243 0.000225965 53.3397
-0.0131246 -0.000639838 54.2285
-0.00887941 0.00146729 53.4288
-0.00868979 0.00266065 53.3551
0.00248048 0.00771263 50.8348
0.08063 0.240365 17.3857
0.0332919 0.309078 23.9009
-0.00186165 0.277535 34.9624
0.000789911 0.212711 39.1134
-0.00390419 0.224562 39.0037
0.0106022 0.210613 35.832
0.0104301 0.204798 36.6697
0.0138265 0.290435 29.0466
0.00429773 0.506231 14.9332
-0.0421732 0.0527827 63.1569
-0.0253146 0.0236638 59.093
-0.00924703 0.00457958 54.2711
-0.00350412 0.00361811 51.9792
-0.00273015 0.00721451 51.3743
-0.00230195 0.00671167 51.2273
-0.00866611 0.00979164 53.9975
-0.0103053 0.00838825 54.8086
-0.00184305 0.0096588 50.4473
0.00396562 0.0126207 47.1631
0.00307901 0.0124071 47.6548
0.00307887 0.0137081 47.5887
-0.00708685 0.0159639 53.3861
-0.0337507 0.0262083 68.4984
-0.144379 0.0140328 94.6424
-0.141353 0.00872896 93.1644
0.0427222 -0.0637064 13.0061
0.00202203 -0.0929444 17.3279
-0.0114746 -0.0947929 19.2176
-0.0107807 -0.0712304 16.8993
0.0680141 0.0224976 45.2344
-0.00054799 0.00176636 52.829
-0.00551962 0.0063561 52.7995
-0.00983465 0.0032761 53.5596
-0.0126711 0.00565684 53.7276
-0.00417399 0.00635397 52.2944
0.0151873 0.0175562 57.4582
-0.0162423 0.0634677 59.1283
-0.00141259 0.0766387 54.8677
-0.0209987 0.130121 53.815
-0.0123464 0.125605 52.1683
-0.00320702 0.0638836 56.0419
0.00595226 0.132039 45.7545
-0.00122299 0.155715 45.542
0.0227393 0.176226 36.1516
0.00519826 0.103012 49.9468
-0.00698316 0.0243916 62.0227
-0.0163935 0.0227909 65.6517
-0.00904823 0.00298727 54.3386
-0.00320213 0.0063698 51.5934
-0.00254557 0.00393454 51.5917
-0.00228619 0.00431585 51.4169
-0.00537498 0.0048781 52.8702
-0.00890734 0.00954591 54.0622
0.000621279 0.00960693 49.2341
0.00568711 0.00998185 46.5322
0.00273722 0.011079 47.988
0.00185977 0.00901005 48.7268
-0.00697999 0.00900675 53.9305
-0.0253079 0.0166689 64.1445
-0.186868 0.0132713 121.641
-0.134455 0.00665032 88.8788
0.0201062 -0.0580759 12.2028
0.0146868 -0.0843069 15.6221
0.0518247 -0.0780195 14.2063
0.0432457 -0.0920526 16.3489
0.00466617 0.02411 49.7474
0.0060225 0.00141697 52.129
-0.00325413 -0.00423952 53.7205
-0.00563239 0.00136253 53.2635
-0.00486485 -0.00155111 53.3876
0.000391268 0.00158804 52.1824
0.0265618 0.0277055 54.0117
0.00443266 0.0182615 59.5619
-0.00427171 0.0241721 60.757
-0.0242246 0.0814699 59.2147
-0.0145174 0.0357062 61.9614
-0.0072045 0.119708 50.7038
-0.0019391 0.0191467 60.4835
0.00426144 0.0244378 57.9607
0.00473505 0.0693917 52.9228
0.00343874 0.0272063 57.9541
-0.011066 0.0123836 64.7706
-0.0111043 0.0129858 64.7122
-0.0115575 0.00500255 55.1493
-0.00312413 0.00491154 51.7012
-0.00221663 0.00229077 51.6352
-0.00291527 0.00428396 51.6946
-0.00248936 0.00484288 51.4694
-0.00508891 0.00969861 52.1625
-0.000181992 0.0104176 49.605
0.000519654 0.0105043 49.2337
0.00227692 0.0101967 48.3049
0.00207972 0.00628156 48.8607
0.00101341 0.00658537 49.4775
-0.00236335 0.0156847 50.4054
-0.161114 -0.00144288 107.027
0.220312 -0.0355469 -127.082
0.0529955 -0.074141 13.6361
0.0401849 -0.0989529 17.328
0.0472224 -0.0486368 9.47828
0.0461502 -0.0711178 13.4253
-0.0421065 0.0248922 53.9519
-0.0167211 0.00973538 53.1726
-0.00393872 0.00137345 53.1048
-0.00390737 0.00012496 53.2173
-0.00989674 0.00758325 53.0237
-1.34445e-05 0.00678839 51.4695
0.0114206 0.0163142 58.3588
-0.000897243 0.0121104 61.4165
-0.00114743 0.0106516 61.6296
-0.00906574 0.0171131 62.6471
-0.0090163 0.00407695 64.3023
-0.00520858 0.0188149 61.3679
-0.00532499 0.0112666 62.3561
0.00778297 0.00574794 59.0186
0.00948445 0.0159185 57.1654
-0.00416861 0.00682142 62.9989
-0.0140506 0.00909419 66.2488
-0.0147014 0.0081328 66.6224
-0.0262691 0.00944797 60.646
-0.00856806 0.00709966 53.7389
-0.00217471 0.00595916 51.1664
-0.00260747 0.00710066 51.2219
-0.00245282 0.00540486 51.3779
-0.00162615 0.00458284 51.1148
-9.73046e-05 0.00699402 50.0055
-0.00222219 0.00676217 51.1987
-0.000736277 0.00598412 50.5038
0.0017191 0.00571473 49.165
0.00288781 0.00562358 48.5085
0.00333489 0.00664077 48.0924
-0.0857224 -0.0391535 64.8993
-0.0402736 -0.000654652 34.1473
-0.0234079 -0.0506135 11.9367
-0.0223169 -0.0481607 11.8277
0 0.0286067 0.78966
-0.0217468 -0.0134915 8.65451
-0.0277076 -0.00574235 57.9376
-0.0368195 0.0161372 54.5829
-0.0192334 0.00570874 54.3532
-0.00767039 0.00186925 53.5059
-0.00147131 0.00762992 51.7638
0.00188347 0.0118631 50.5576
0.013032 0.00772169 59.1098
0.00480524 0.00220653 61.5931
-0.00426308 0.00281633 63.4618
-0.0099386 0.0022809 64.8273
-0.00896241 0.0050374 64.0047
-0.00446232 0.00666794 62.6088
-0.00389403 0.00444468 62.7521
0.0107216 0.000753871 58.7879
0.00917196 0.00151449 59.1429
0.00118422 0.00279801 61.6677
-0.0122338 0.00522912 66.0965
-0.00599615 0.0132942 62.511
-0.0110931 0.0102722 54.249
-0.0066261 0.00826159 52.7158
-0.00427546 0.00617893 52.0497
-0.00186224 0.00582665 51.0426
-0.00221404 0.0067298 51.0767
-9.2734e-05 0.00591294 50.1462
-0.00053797 0.00375332 50.6874
0.000116865 0.00413523 50.3118
0.000485507 0.00541367 49.8942
0.00208289 0.00598085 48.9171
0.00226455 0.00599217 48.8297
-0.00131621 0.00176075 51.6288
-0.0573604 -0.041391 46.6967
-0.116774 -0.0207626 81.2494
0.0450559 -0.0819246 15.2559
0.0249273 -0.0536376 11.6356
0 -0.055271 12.2005
0.0386002 -0.147505 26.2032
-0.0614076 0.103063 43.6157
-0.0380345 -0.00353495 57.9013
-0.0173114 -0.00299047 55.729
-0.00584611 0.00567535 52.6492
-0.00213161 0.00753999 51.8553
0.00164125 0.00717876 51.3769
-0.00146641 0.00995546 61.5396
-0.00256269 0.00528563 62.5635
-0.00409721 0.00769028 62.5688
-0.0133488 0.000632544 65.9103
-0.00789409 0.0059665 63.5838
-0.00831492 0.0011467 64.6125
-0.00446304 0.00228294 63.2751
0.00592126 0.00315533 59.9157
0.00803247 0.0087055 58.3219
-0.00180684 0.00371093 62.6101
-0.00513119 0.0106483 62.5518
0.00232245 0.0162933 58.7425
-0.0271236 0.0114999 60.723
-0.0111709 0.0100997 54.3535
-0.00548327 0.00723245 52.4121
-0.00227532 0.00636528 51.1302
-0.00248064 0.00525978 51.4195
-0.000143071 0.00718583 49.9628
-0.000614923 0.00621988 50.3367
-0.000485404 0.00443492 50.5835
0.00089539 0.00612208 49.564
0.000198998 0.00576732 50.0336
-0.000735605 0.00563339 50.6173
-0.00959144 -0.00188597 57.2223
-0.0294622 -0.0201668 25.9338
-0.0421512 -0.00498129 31.3255
0.00221495 -0.0264374 7.40038
0.00503117 -0.0315566 8.25664
0.0273753 0.0475085 -7.71334
-0.0349504 0.0554624 -5.66785
-0.0307312 -0.004473 58.0017
-0.0249277 -0.0196505 59.5567
-0.0142724 0.00239999 54.2867
-0.00328893 0.00454477 52.6055
-0.00284861 0.00370732 52.6557
0.0011299 -0.000168581 52.7576
-0.00123495 0.0155678 60.4591
-0.00890367 0.00742766 63.5553
-0.00741234 0.00245258 64.2286
-0.0158524 0.00568694 65.6248
-0.00841269 0.000127093 64.7979
-0.00617105 -0.000282573 64.2265
-0.000831057 -0.00122045 62.7987
0.00397444 0.00253914 60.6817
0.00965294 -0.00162097 59.6528
0.00304237 -0.000341845 61.7011
0.00279211 0.00789959 60.2383
0.0103867 0.014491 56.0631
-0.0225504 0.0101844 59.0211
-0.0101347 0.014883 53.0239
-0.00882584 0.0163155 52.2139
-0.00472634 0.0143645 50.7443
-0.00122349 0.015918 48.829
-0.00186248 0.00961288 50.3389
-0.00129231 0.00715565 50.5005
-0.000573937 0.00849276 49.8461
0.00191826 0.00922304 48.382
0.0021842 0.00973965 48.1468
-0.00522287 0.011201 52.2153
-0.0290784 0.00540033 67.6412
-0.00442046 0.00233596 6.29376
0.0021404 0.0323273 -3.48995
-0.015745 -0.0167287 5.61336
0.0120374 -0.0357753 8.77643
-0.0101309 0.0668259 -11.5717
-0.00259457 -0.029448 8.34905
-0.05157 -0.0122239 61.1975
-0.0215032 -0.0118937 58.0517
-0.0217383 0.000880139 55.5784
-0.00823403 -0.00175987 54.5051
-0.00415873 0.000687918 53.4548
0.00310308 -0.000789691 52.5429
-0.0136801 0.0106635 63.7867
-0.00683495 0.0133114 61.8621
-0.0067694 0.0091967 62.7253
-0.00832213 0.0095906 62.9857
-0.00911365 0.0158331 61.8659
-0.00910917 0.0135399 62.3521
-0.00833633 0.0115355 62.4797
-0.00317903 0.00649224 62.0084
0.00465111 -0.00160156 61.1417
0.00684702 -0.00130399 60.3696
0.0110854 0.00156964 58.3002
-0.00158425 -0.00226473 63.9602
-0.0051338 0.0217484 49.5813
-0.00409921 0.0183931 49.8646
-0.00559758 0.0135166 51.4882
-0.00383419 0.0253875 48.1617
-0.00502655 0.0229494 49.3077
-0.00825401 0.0150706 52.4776
-0.00256611 0.0135748 49.8498
0.0034966 0.0148581 46.4028
0.00381704 0.0165358 45.879
0.00637199 0.0158673 44.5753
-0.0046169 0.0151594 51.1648
-0.0316903 0.0132128 67.763
0.0341302 0.0297137 -22.8509
0.027305 0.0445672 -21.6753
-0.0142343 -0.0191764 6.30363
-0.0040931 -0.0261957 7.64963
0.0253815 -0.10833 25.6461
0.0723918 -0.0160154 1.4326
-0.0474795 -0.0149859 61.5884
0.0013577 0.00362659 52.3833
-0.0123474 -0.00500603 55.7306
-0.00413718 0.00447 52.5689
0.000853163 0.00446957 51.8822
-0.000390636 0.00700587 51.4657
-0.00671566 0.000227098 64.793
-0.00367937 -0.000405988 64.31
-0.00667655 0.00494408 63.7003
-0.00572866 0.00257846 63.985
-0.00523784 0.00423766 63.4664
-0.00987075 0.00817844 63.8303
-0.00857732 0.0128548 62.3666
-0.00764483 0.015025 61.591
0.00809201 0.00870499 57.7578
0.0102315 0.00955982 56.825
0.0147568 0.0117644 54.6922
-0.0111107 0.00905204 65.1359
0.0955914 -0.0344402 43.6921
0.0539228 -0.028761 59.9167
0.008693 -0.0211305 77.8889
-0.0392777 -0.029041 101.488
-0.0823494 -0.0448081 125.365
-0.00789564 0.0120608 52.9417
0.000641455 0.0147826 47.9684
0.00212592 0.0141569 47.3667
0.00270681 0.0104316 47.8971
0.00313889 0.0085758 48.0737
-0.00196955 0.0088175 50.9738
-0.0111121 0.0155436 54.9189
0.0457035 0.0140632 -26.8232
0.0603387 0.0330573 -40.2261
-0.00355373 -0.0283886 8.17251
0.00879309 0.114487 -25.6269
-0.0286638 -0.041404 53.0741
-0.0284912 -0.02537 49.0515
-0.0415772 -0.00864666 59.6199
-0.00977121 -0.00597544 55.8664
-0.0055435 0.0048714 52.6041
-0.0001396 0.00921373 50.9155
0.00114811 0.00634002 51.4113
-0.000188298 0.0138321 49.8234
0.00349269 -0.0124482 65.759
-0.00681246 -0.00821439 66.7051
-0.00235283 -0.00994703 66.1466
-0.00466839 -0.00786209 66.0999
-0.00291604 -0.00561494 65.1614
-0.00254225 -0.00100924 63.9061
-0.0041806 0.00835707 62.0905
-0.00763433 0.0110406 62.4952
0.00329863 0.0149048 57.8791
0.0114341 0.0101465 56.2335
0.0346843 0.0131842 46.9389
0.731256 -0.0954633 -194.4
0.142456 -0.00680219 17.8055
0.0773632 -0.00783946 44.9424
0.0193278 -0.017605 72.3931
-0.0471848 -0.0246945 104.121
-0.0869717 -0.0273933 123.472
0.00625907 0.00760758 46.8505
0.00141282 0.00731375 49.3565
-0.000436218 0.00634691 50.5588
0.0016518 0.00445309 49.8667
0.00263637 0.00383293 49.4501
0.00120901 0.00641339 49.6437
-0.00418039 0.00755616 52.5842
0.0373326 0.0396101 -27.6623
0.0464403 0.0466252 -34.8034
0.0772446 1.03247 -223.788
0 0.0422394 30.0933
-0.0130347 -0.0974125 66.4022
0.136547 0.113371 12.8259
0.000552365 -0.00115901 53.8382
-0.00507693 -0.00225548 54.5224
-0.00442052 0.0157038 49.7512
-0.0022831 0.0100803 50.9659
-0.00183042 0.00601899 51.9739
-0.00123827 0.00408966 52.4925
0.0154727 0.00936152 57.5847
0.000125133 0.00530743 61.6782
-0.00475172 0.00555165 62.6028
0.00125287 0.00729701 60.6774
-0.00221284 0.00518414 62.0829
0.00283882 0.0113802 59.0741
0.0121689 0.0226783 53.4372
-0.00464709 0.00639112 62.8166
-0.00393613 0.00670013 62.5163
0.00654142 0.00493934 59.2887
0.0336198 0.00585967 49.0438
0.149245 -0.0694666 24.801
0.15095 -0.0125967 15.6056
0.0717835 -0.0171932 49.7183
0.00966344 -0.0215799 77.6577
-0.0433978 -0.0215826 101.613
-0.0898988 -0.0316244 126.022
0.00126886 0.00929345 48.8918
-0.000954708 0.00801631 50.3361
0.000553702 0.00646584 49.9183
0.00163451 0.00709153 49.166
0.00182639 0.00543454 49.4765
0.00161844 0.00474146 49.8152
-0.00438299 0.00341034 53.7504
-0.0234269 -0.0064051 68.0154
-0.0291481 -0.0332911 40.1229
0 -0.0417067 55.2904
0 -0.0417067 55.2904
0.236043 0.00685702 29.0799
0.527755 0.014581 11.5203
5.70637e-05 0.0109831 50.4163
0.000737072 0.0144825 49.7336
-0.0122508 0.015766 50.7249
-0.00451063 0.0145444 50.1298
-0.00628133 0.0121081 50.9691
0.637572 0.0230867 -58.3359
-0.00449788 0.0349751 54.6461
-0.00412642 0.0330837 55.137
-0.00374896 0.0319755 55.3408
-0.0095118 0.0334126 56.2647
-0.00117713 0.0240867 56.771
0.00181808 0.0162604 58.1129
0.0673613 0.210158 10.1991
0.0284232 0.0993618 54.0031
-0.0306502 0.0760132 79.9288
0.000612105 0.00418197 61.6437
0.0133832 0.00831633 55.8709
0.0354078 -0.0148244 54.0653
0.104514 -0.0241762 37.8984
0.0620133 -0.0210934 54.9318
0.00524177 -0.0177603 78.6485
-0.0438857 -0.0205213 101.635
-0.107007 -0.0309723 134.028
-2.89272e-05 0.0188534 46.889
-0.00216505 0.016113 48.7626
-0.000631246 0.0134502 48.7036
-0.00106329 0.0142358 48.7299
0.000104326 0.0123022 48.5959
-0.000265407 0.00987797 49.5011
-0.00806831 0.00420603 55.7757
-0.0324485 0.00326804 70.9316
-0.131236 -0.0804798 117.386
-0.0252814 -0.0476614 58.5667
0 -0.0412109 56.4312
-0.0348114 -0.0410303 58.3136
0.458044 -0.010896 23.4575
-0.0380435 0.00852565 54.2982
0.0049489 -0.00564676 54.9797
-0.00122946 -0.0014147 54.3298
0.00639462 0.0102605 49.7717
0.018166 0.0363386 40.1937
0.72747 0.0765015 -89.8272
-0.0264234 0.0398067 57.4662
-0.00609488 0.03545 54.7795
-0.00624255 0.0359446 54.7575
-0.00615854 0.0411527 53.2508
-0.00745458 0.0387149 54.3341
0.0546996 0.0496063 60.8711
0.0547173 0.0746936 53.6459
0.00288512 0.0791897 68.5359
-0.0430808 0.0810327 82.9585
-0.148372 0.0801408 119.343
0.000492397 0.0259372 55.6179
0.00699779 0.0168713 55.9659
0.134659 -0.000645598 18.3992
0.0675198 -0.0131318 50.1825
0.0120991 -0.0210941 76.5156
-0.0384293 -0.0219495 99.5524
-0.106062 -0.0215933 130.835
-0.00520129 0.0185932 49.6254
-0.00664635 0.0106969 52.7604
-0.00407973 0.0082683 52.1214
-0.00258857 0.00429775 52.5605
-0.00244929 0.00605669 51.9827
-0.00863068 0.00534436 55.7845
-0.0104671 0.0053968 56.9007
-0.0230187 0.0136847 62.0886
-0.334759 -0.0794375 245.244
-0.0255646 -0.0506467 59.5309
0.00220015 -0.0176748 49.0926
0.114141 -0.0556177 55.5469
0.556492 -0.0413022 25.8212
-0.023041 -0.0126462 59.5892
-0.00921019 -0.0125229 58.4539
-0.00292402 0.000480767 53.7925
0.0126957 0.0213776 45.4929
0.05534 0.663968 -160.153
0.452043 0.19237 -77.0672
0.0106813 0.0578333 44.5741
-0.00421798 0.0468397 50.9086
-0.00472114 0.0428449 52.2977
-0.00167971 0.0543607 47.987
-0.0057958 0.0440278 52.2849
0.0804168 0.0183618 63.6706
0.0607604 0.0495352 59.8692
0.0100426 0.04231 77.7621
-0.0318802 0.0590096 86.0496
-0.0725991 0.0520083 101.891
-0.00535733 0.0359108 54.7364
0.00589386 -0.0026767 62.6156
0.055775 0.0651816 29.4219
0.0675473 0.0147296 41.4035
0.0138943 0.00237001 68.4422
-0.0521477 -0.00399156 100.232
-0.116863 0.00175677 128.325
-0.0149614 0.0208592 53.6375
-0.0103015 -0.00130907 58.2161
-0.00523523 -0.00590526 57.0349
-0.00450918 -0.00581708 56.6054
-0.000510073 -0.00633731 54.5657
-0.00415206 -0.00439861 56.065
-0.00504197 -0.000921746 55.4948
-0.00753952 0.00341011 55.6661
-0.244863 -0.0758958 186.956
0.0294267 -0.109795 76.632
0.029782 -0.109776 76.6085
0.0347063 -0.0986743 72.7818
0.636375 -0.064338 28.4451
0.00531069 -0.00625871 55.111
-0.008701 0.000344001 54.4269
-0.0931472 0.0412745 75.0268
-0.0138599 0.0485409 63.0263
-0.00192219 0.0313242 67.3673
-0.00248836 0.839827 -208.537
-0.0270724 0.801305 -191.926
-0.00986936 0.825263 -203.272
0.00193158 0.976329 -257.077
-0.0528604 0.87117 -209.287
0.0086305 0.0513918 57.4775
0.168888 -0.0421916 57.516
0.0919606 -0.0456565 81.3778
-0.0262789 -0.029713 112.714
-0.0648136 -0.0274905 124.702
-0.0835038 -0.0313453 132.295
0.0487232 0.737712 -197.327
0.0503336 0.671784 -176.315
0.0661842 0.0832097 18.9882
0.042997 0.0428553 42.3963
-0.0112481 0.032005 69.6976
-0.0524796 0.0390004 86.0041
-0.0301499 0.107355 52.1117
0.0834228 0.671522 -197.746
0.0818961 0.459213 -125.526
-0.00443276 -0.00909309 57.626
-0.00125275 -0.00769261 55.446
-0.00181208 -0.00745848 55.6777
0.000536143 -0.00627781 53.9035
0.000256054 -0.00376966 53.222
0.01081 -0.000821569 45.7907
-0.0968799 -0.0449618 83.328
-0.000369864 0.314435 -32.6943
-0.000386094 0.314443 -32.6961
0.0302275 -0.111772 77.2491
-0.0308983 0.018136 76.7857
-0.0426397 0.0436489 68.7036
-0.065927 0.0711048 61.2507
-0.037601 0.0370666 69.9681
-0.00469346 0.0310073 68.1473
-0.00966502 0.0205214 72.4975
0.00656801 -0.000683686 77.3439
0.00284069 -0.00908547 80.8876
-7.38743e-05 -0.014983 83.6404
-0.0146258 -0.0124751 85.9192
0.00995656 0.050666 57.4104
0.0129757 0.0500136 56.7389
0.000619034 0.0590936 56.876
0.126845 -0.0473118 71.3571
-0.00190778 -0.0586688 115.15
-0.0817555 -0.0374761 133.163
-0.0152986 -0.0060135 85.3076
-0.0121553 0.00790166 79.1451
-0.0167019 0.0821003 54.2473
0.014989 0.0809242 41.8752
-0.00307217 0.0555277 58.541
-0.018596 0.0516016 66.8748
-0.0309304 0.0830944 61.5245
-0.00611429 0.0386199 66.0251
-0.0261223 0.111117 49.8836
0.00926803 0.0661252 48.4931
0.00467321 -0.0193856 56.3073
0.00416703 -0.0157621 55.3287
-0.000953862 -0.0132725 57.2368
0.00301759 -0.00450721 51.8076
-0.00179375 -0.000804458 53.2921
0.016779 0.00543042 39.7699
-0.0894533 -0.0269314 72.7831
-0.000547507 0.314613 -32.7548
-0.000730103 0.314517 -32.7115
-0.00198563 0.312419 -31.8754
-0.00609462 0.304888 -28.8206
-0.0938628 0.434556 -79.3161
-0.173138 0.185043 31.0506
-0.059793 0.0377326 72.1171
-0.0106381 0.0455631 63.231
-0.00652819 0.024892 70.2672
-0.00545299 -0.00789042 82.0075
0.00964593 -0.0146361 81.6844
-0.00476657 0.000465344 79.0941
-0.00151104 0.00905338 75.1683
0.05712 0.0773004 35.6386
0.052575 0.133292 15.9416
0.491124 -0.0432512 -35.9091
0.0804948 -0.0330329 80.0231
0.00135073 -0.0430334 108.269
-0.0534989 -0.0332556 122.302
-0.0196253 -0.0429393 100.413
-0.00453591 -0.00913948 82.464
-0.00558615 0.0141393 74.3781
0.00356072 -0.000767299 76.1612
-0.00138338 -0.000701392 78.1007
0.00870901 -0.00347995 74.5664
-0.00483442 0.0298247 68.3962
-0.0133675 0.0582924 62.0898
-0.00696378 0.00582383 78.0691
-0.00352666 0.0205636 70.9733
0.0137929 0.487551 -121.551
0.128281 -0.0739684 33.4278
-0.0375793 0.57417 -125.971
-0.0192603 0.558383 -130.638
0.110925 0.256795 -95.1739
0.179511 0.158163 -100.008
0.196937 0.227951 -136.9
-0.000704859 0.314836 -32.8334
-0.00163618 0.315325 -32.9935
-0.00523173 0.315647 -32.9744
-0.00893378 0.314245 -32.2496
-0.0751599 0.438448 -82.2376
-0.134181 0.30481 -18.432
-0.0867819 0.569013 -128.488
-0.0306112 0.609671 -151.731
-0.014211 0.609981 -154.16
0.00536129 0.55248 -133.969
-0.0114057 0.537783 -125.283
-0.0199646 0.518787 -116.235
-0.00390714 0.501621 -113.166
0.0190804 0.428659 -90.2089
0.072849 0.194881 -12.6027
0.206012 0.0463374 10.7818
0.113903 -0.0049085 58.6097
-0.0175876 -0.00113223 97.9465
-0.106791 -0.0158848 133.181
-0.0184983 0.466774 -94.9241
-0.0175045 0.435411 -83.1242
-0.00136359 0.386967 -70.4984
-0.00280562 0.398308 -74.7999
0.00954705 0.378902 -72.5376
-0.0136192 0.286538 -26.6813
-0.0169655 0.0933847 49.5508
0.011816 0.0831812 39.8791
-0.0359265 0.383919 -53.5381
-0.0309289 0.145984 36.5224
-0.0396752 0.454744 -80.1153
0.0243794 0.504348 -133.731
-0.0138111 0.567535 -136.733
-0.034163 0.59816 -137.13
-0.00763605 0.578269 -145.798
0.0724095 0.475722 -154.804
0.151918 0.260893 -121.286
-0.000139307 0.314966 -32.8867
-0.000326764 0.315889 -33.2445
-0.00438414 0.319292 -34.4412
-0.0191077 0.333368 -39.2931
-0.0428387 0.430206 -77.0495
-0.0508098 0.376167 -54.717
-0.0355721 0.531518 -119.799
-0.023522 0.57999 -140.773
-0.0079125 0.596347 -149.397
-0.0170719 0.58684 -143.695
-0.0348009 0.562991 -130.676
-0.0153833 0.553248 -131.336
-0.0147965 0.562894 -135.509
-0.00842734 0.559948 -135.806
0.000651593 0.591376 -151.032
0.0387198 0.493365 -121.438
0.0860595 0.183025 -8.6176
-0.00687698 0.103437 52.6005
-0.0870305 0.134754 65.9777
-0.0698782 0.453532 -70.7601
-0.0113948 0.516844 -117.65
-0.0194227 0.524173 -117.64
-0.0184791 0.51772 -115.987
-0.0410659 0.558999 -122.835
-0.0231128 0.561862 -131.434
-0.0165959 0.578724 -141.203
0.00736505 0.555572 -142.86
-0.0318082 0.538514 -116.72
-0.0656848 0.580742 -116.909
-0.00890449 0.655517 -177.768
0.00523514 0.569077 -149.594
0.0322819 0.525796 -146.725
-0.0025313 0.557279 -139.45
-0.00385088 0.583191 -149.312
0.00199966 0.553848 -141.275
-0.0746441 0.5755 -102.238
-0.00159754 0.580464 -143.449
-0.0013087 0.576785 -141.883
-0.00120292 0.57215 -139.908
-0.000659233 0.565431 -137.069
-0.00189366 0.523239 -118.952
0.025873 -0.272311 207.456
0.0718476 -0.0635182 115.246
-0.00262395 0.592917 -148.457
-0.0115355 0.590555 -146.375
-0.0210535 0.579349 -139.97
-0.0460966 0.570949 -131.956
-0.0237455 0.588756 -143.949
-0.0178137 0.589025 -145.422
-0.0163585 0.587272 -144.863
-0.0247187 0.588928 -143.262
-0.0127398 0.578668 -142.202
-0.0386051 0.588105 -139.1
0.00621676 0.42895 -85.7993
0.00124713 0.580976 -149.073
-0.00510233 0.554503 -135.422
0.000197846 0.565773 -142.097
-0.00423689 0.572185 -143.043
-0.0281548 0.587393 -139.966
-0.0167062 0.615803 -156.733
-0.0179779 0.600746 -149.937
-0.0316253 0.599305 -143.015
-0.0172753 0.572981 -138.508
0.001721 0.564374 -143.762
-0.0160347 0.618125 -157.737
-0.0111713 0.628175 -164.701
-0.0151049 0.600967 -150.81
-0.0049775 0.5872 -150.933
-0.00244634 0.558986 -140.314
0.00688474 0.544264 -139.5
0.0349356 0.54332 -156.166
-0.190707 0.0321958 195.442
-0.00461216 0.580139 -143.276
-0.00486877 0.576915 -141.843
-0.00489505 0.573408 -140.294
-0.00343533 0.571227 -139.428
0.00397661 0.571449 -140.135
0.0128166 0.596317 -151.922
0.00796175 0.598057 -152.161
-0.00209794 0.608258 -155.217
0.000529358 0.610286 -156.913
-0.0360561 0.600843 -146.981
-0.0215142 0.615081 -155.87
-0.0169225 0.596012 -148.215
-0.0131626 0.606097 -153.354
-0.0200957 0.603855 -150.758
-0.0223263 0.587087 -143.205
-0.0318695 0.598794 -145.608
-0.0308363 0.622571 -156.639
0.147322 -0.0474029 79.0734
-0.00735604 0.629607 -166.992
-0.0227548 0.636164 -164.951
-0.00525743 0.601792 -155.605
-0.00833874 0.588743 -148.518
-0.00832305 0.590843 -149.387
-0.00920494 0.620126 -161.951
-0.00529378 0.615727 -162.081
-0.00889625 0.600935 -154.039
-0.020783 0.593418 -145.217
-0.0145252 0.575538 -140.52
-0.00882799 0.580847 -145.543
-0.00356911 0.594826 -154.463
-0.00997262 0.587476 -147.604
-0.0256062 0.589828 -140.117
-0.0328128 0.580946 -131.982
-0.0143371 0.577112 -141.278
0.00214226 0.547389 -137.998
-0.0165636 0.551863 -128.133
-0.00698286 0.579338 -142.895
-0.00736225 0.576624 -141.648
-0.00567059 0.574169 -140.605
0.000667623 0.575024 -141.381
0.0122595 0.582524 -145.701
0.0189139 0.593801 -151.407
0.0119709 0.60183 -154.273
0.00046925 0.611657 -157.354
0.00152108 0.627266 -164.982
-0.0206924 0.639892 -167.349
-0.0424724 0.648313 -167.143
-0.0438581 0.607604 -148.058
-0.0100722 0.603491 -153.169
-0.0155933 0.589117 -144.793
-0.0363191 0.603864 -146.798
-0.0419977 0.602869 -144.741
-0.00711069 0.614711 -160.326
-0.00556651 0.620676 -163.376
-0.0137473 0.633165 -166.503
-0.0234194 0.627831 -160.594
-0.0155776 0.610422 -155.401
-0.0206604 0.598454 -148.327
0.00772969 0.577577 -150.026
-0.0146937 0.587917 -145.376
-0.0168695 0.580858 -141.278
-0.0123964 0.592698 -148.807
-0.0240731 0.582601 -138.735
-0.0117693 0.575299 -141.644
-0.000320858 0.584547 -151.668
-0.00881282 0.564003 -137.676
-0.011095 0.567258 -137.998
-0.0223333 0.565265 -130.68
-0.0125196 0.563014 -135.506
-0.00523864 0.577449 -146.408
-0.00828265 0.568048 -140.337
-0.0337434 0.552743 -117.755
0.0130708 0.294579 -2.73641
0.0120678 0.300351 -5.49785
0.0116713 0.309755 -10.0117
0.0118108 0.323396 -16.5763
0.0104304 0.341898 -25.3505
0.0037484 0.366336 -36.4465
-0.0102693 0.402174 -52.0468
-0.0064679 0.389848 -46.6889
-0.0360629 0.447292 -70.1279
-0.0459367 0.603618 -144.312
-0.0514391 0.588844 -136.472
-0.0327838 0.621267 -156.373
-0.0259673 0.589932 -142.857
-0.0189124 0.556931 -128.486
-0.0262606 0.568249 -131.944
-0.0499657 0.570921 -126.29
-0.0339047 -0.0282418 150.734
0.00257289 0.599518 -155.723
-0.00141622 0.60433 -156.856
-0.0121726 0.602033 -151.987
-0.0245969 0.61343 -153.234
-0.0530091 0.592978 -132.747
-0.0122426 0.56339 -134.82
-0.0101787 0.570462 -138.915
-0.00600459 0.59472 -152.302
-0.0263748 0.596657 -143.989
-0.0487374 0.577274 -124.235
-0.0453442 0.584925 -129.444
-0.0185635 0.567697 -134.705
-0.0252245 0.572058 -133.096
-0.0306005 0.549417 -119.071
-0.0384562 0.537709 -109.061
-0.00752105 0.520868 -119.193
0.00154332 0.520324 -123.823
-0.0085562 0.547756 -131.893
0.00412346 0.548044 -139.005
0.0180066 0.293962 -2.49071
0.0190073 0.300188 -5.61305
0.0219851 0.309932 -10.5721
0.0261373 0.323812 -17.6928
0.0292467 0.342236 -27.0517
0.0274213 0.365584 -38.4376
0.0149297 0.394794 -51.509
-0.00899517 0.420166 -60.9585
-0.016086 0.451031 -75.26
-0.0444021 0.489312 -89.3474
-0.0474992 0.526663 -107.297
-0.0393286 0.555477 -123.117
-0.0390677 0.561286 -126.095
-0.0244871 0.541987 -119.985
-0.0187006 0.533932 -117.571
-0.0204867 0.531744 -115.871
-0.0199634 0.5315 -115.676
-0.00416803 0.553214 -131.542
0.011315 0.562099 -140.867
-0.00125794 0.578286 -144.464
-0.0266612 0.602302 -147.107
-0.0340238 0.605861 -146.112
-0.0347355 0.579562 -132.937
0.0319776 -0.0612603 150.853
0.0223052 -0.0402381 144.613
-0.024284 0.0404738 134.808
-0.042176 0.580526 -128.701
-0.0335149 0.57039 -128.102
-0.0255121 0.569621 -131.703
-0.0270777 0.564937 -128.382
-0.0309952 0.546035 -116.988
-0.0296065 0.565559 -127.522
-0.0194127 0.589381 -145.304
-0.0223268 0.556289 -126.747
-0.0054648 0.587857 -152.829
0.0177077 0.550349 -148.994
0.0221697 0.29227 -1.69197
0.0243715 0.299786 -5.56202
0.0293993 0.310206 -11.0457
0.0358231 0.324479 -18.639
0.040888 0.342446 -28.1047
0.0409202 0.363203 -38.6026
0.0333015 0.386948 -49.7839
0.0201898 0.415959 -62.8392
0.0071073 0.455684 -81.1306
-0.00818682 0.481248 -91.5868
-0.0205948 0.526133 -112.162
-0.031186 0.545165 -119.71
-0.0396713 0.551051 -120.888
-0.0391703 0.541659 -116.305
-0.0303691 0.527271 -111.315
-0.0163043 0.51416 -108.431
-0.00962432 0.511585 -108.989
0.00782053 0.543962 -130.776
0.0127329 0.555431 -138.096
0.00766573 0.570346 -143.775
-0.0181967 0.592967 -145.727
-0.0393081 0.589336 -135.925
-0.0547706 0.566719 -118.368
-0.0532094 0.536465 -103.779
-0.0387385 0.0863603 118.458
-0.0235381 0.0695241 120.081
-0.00359108 0.0807012 105.06
-0.00327243 0.508725 -112.478
-0.0125939 0.549305 -128.315
-0.0252579 0.555483 -124.79
-0.0261377 0.555832 -124.53
-0.0225605 0.569848 -133.665
-0.0203197 0.579664 -139.929
-0.0207074 0.553547 -126.407
-0.0114034 0.569478 -140.286
-0.000379311 0.554004 -139.347
