-0.0261871 0.0249983 27.5147
-0.0233301 0.00569041 27.6508
-0.0299184 -0.00158019 27.9446
-0.00295027 -0.021035 26.4388
0.00676614 -0.0194114 25.7402
0.00801527 -0.0149896 25.59
0.00751533 -0.0115217 25.2793
-0.0173178 -0.0151034 28.4098
-0.00072955 -0.0270054 26.5221
-0.00700395 -0.0426736 27.5135
-0.0127016 -0.0253632 28.5488
0.0172662 -0.00835776 21.8194
0.0236024 -0.014401 20.9399
0.0100469 -0.0285154 24.1401
-0.0245273 -0.0283543 33.1429
-0.0129344 -0.0297021 29.896
0.00255954 -0.023759 25.5205
0.0075203 -0.00166355 23.4696
-0.0141825 -0.0022233 30.2564
0.00744162 -0.0228551 23.0287
-0.0123551 -0.0286413 30.461
0.023736 -0.0250963 15.9666
0.0299303 -0.0167107 13.7899
0.00546343 -0.0250966 23.894
-0.00593905 -0.00834321 28.6684
0.0193657 -0.0158038 17.7062
-0.00411018 -0.00668338 28.4925
-0.0141571 -0.0165455 33.206
0.00507409 -0.0271114 23.6579
0.0116058 -0.0247942 20.3927
0.00206211 -0.0193861 25.5151
0.0110919 -0.00938042 20.4715
-0.0168316 0.00995719 36.1919
-0.0071409 -0.00931297 30.6233
-0.0399925 0.0241855 50.1393
-0.00190843 0.025815 26.3849
-0.0411784 0.0311663 27.5251
-0.0406736 0.0202718 27.7742
-0.0306778 0.0228784 27.3
-0.01883 0.0265539 26.2505
0.0169586 -0.00848366 24.4828
0.00745468 -0.0016521 25.4519
-0.006877 -0.00385535 26.9817
-0.0201002 -0.00862071 28.8922
-0.0178813 0.00468935 28.4592
-0.0094168 -0.00924551 27.44
-0.0117168 0.00123504 27.5379
0.0245094 0.00176972 20.0803
0.012504 -0.00172735 23.0659
0.00682107 -0.0201632 24.5365
-0.0105412 -0.0195783 28.9027
-0.00757454 -0.00624061 27.7677
0.0220651 -0.0229088 19.6494
0.0101655 0.00493642 22.7309
-0.0340057 0.0115579 36.9787
-0.0202414 0.00339179 32.5247
-0.0108194 -0.0216835 29.7467
0.00967436 -0.0273621 21.7452
0.0186575 -0.0285208 18.4964
0.0247826 -0.0015382 15.1005
0.0117786 -0.0117888 20.7683
0.0207334 -0.0039479 16.5291
-0.00161164 0.00254838 26.8176
-0.0212509 -0.00466492 36.1151
0.00674852 -0.0283322 22.8169
0.0229745 -0.0125335 14.0908
0.0128214 -0.00423822 19.2714
0.0161885 -0.00263755 17.3243
-0.0167017 0.00422606 36.2623
-0.0145451 -0.0023094 35.0394
-0.0301177 0.00880313 44.5329
-0.0173974 0.00905166 36.6346
-0.0456469 0.0392449 27.2989
-0.0452376 0.0396705 27.236
-0.0407849 0.0357546 27.4279
-0.0349597 0.0264612 27.6579
0.00211471 0.0236382 25.1139
0.00647547 0.0197789 25.0443
-0.00243627 0.0117105 26.4209
-0.0252636 0.0241544 28.9298
-0.0294419 0.0143091 30.2077
-0.0143509 0.0109276 27.7081
-0.0141768 0.00776367 28.0012
0.00971666 0.00342815 23.0368
0.0151372 -0.00139089 22.4932
-0.00340216 -0.00244716 26.7242
-0.0104029 -0.00106467 28.5564
0.000889999 0.00220195 25.3766
0.0127583 -0.0012965 22.1638
0.00484761 -0.00615871 25.2489
-0.0399725 0.00988325 39.2328
-0.0504219 -0.019811 44.5281
-0.0308031 -0.0191201 37.1666
0.0218956 -0.029169 17.1956
0.016485 -0.0124949 18.5311
0.0135137 -0.0107983 19.8703
0.0157275 -0.00580392 18.9818
0.0166098 -0.0194813 19.2435
-0.013397 -0.0150151 33.2822
-0.0154892 0.00166134 32.7854
0.00948267 -0.0113467 20.881
0.0344529 -0.00941965 8.03201
0.00426114 -0.0122903 24.4686
0.0226797 -0.010909 13.7166
-0.00761143 -0.00605729 31.181
-0.0105848 -0.0005057 32.738
-0.0284612 -0.000291522 43.9529
-0.0262044 -0.000115982 42.5213
-0.0408192 0.0394464 27.3095
-0.0348128 0.0411916 27.0513
-0.0268415 0.00552903 29.2686
-0.0597244 0.0100373 29.8461
-0.00625778 0.00429657 26.4704
0.00248171 -0.0118898 26.9888
0.00454297 -0.0383454 28.6617
-0.0140493 -0.0116141 29.418
-0.0264315 -0.0169852 31.9056
-0.018496 -0.00722631 29.7149
-0.0338202 -0.0174675 33.0424
0.0192039 -0.0299348 22.9444
0.0254907 -0.0211841 21.4125
0.00324053 -0.0110963 25.5472
-0.00991225 -0.00497435 28.4803
0.00261849 0.00865323 24.2827
0.0102451 0.00309127 22.3568
0.00339345 0.0178554 23.6614
-0.0133486 0.0044523 29.6945
-0.0567961 -0.0227826 46.8843
-0.0427458 -0.0339006 42.5107
0.0402048 -0.0487172 10.3369
0.0388185 -0.0266612 10.501
0.034086 -0.0016802 11.1223
0.0222359 -0.00799564 16.3477
0.0128284 -0.000730344 20.4627
0.0109564 0.013446 19.582
-0.0184165 0.0150676 33.8997
0.0019778 0.00184908 24.1298
0.0125724 -0.0205579 20.2519
0.0145018 -0.0104491 18.3658
0.0331386 0.00658419 6.77963
-0.00905604 -0.00608151 32.0793
-0.0085112 -0.00310291 31.5432
-0.0262562 -0.00493274 42.7805
-0.0196147 0.00188675 38.1863
-0.0478197 0.0252307 28.5064
-0.0498131 0.0127616 29.608
-0.0561269 -0.00450835 31.3583
-0.0447658 0.00281895 29.6727
0.0217214 -0.00417373 24.7722
0.00206925 -0.020487 27.4049
-0.000764304 -0.0256074 28.1295
-0.00452576 -0.0276127 28.9369
-0.0102606 -0.0225726 29.5005
-0.00686167 -0.00540257 27.3404
-0.0466206 -0.0241061 35.8274
0.0283183 -0.00939042 18.6286
0.0396679 -0.0319893 18.6518
0.0237067 -0.0091879 20.3847
0.00965221 0.0150628 21.8318
0.0097286 0.0206313 21.309
0.0220306 0.0230857 17.5255
0.00344557 0.0261113 22.8226
-0.060496 -0.0116991 46.8448
-0.07247 -0.0236462 52.1154
-0.0338861 -0.0454311 39.5946
0.00262124 -0.0374525 24.9212
0.0409333 -0.0110359 7.84034
0.0262266 -0.0164789 14.9744
0.0177842 -0.0258204 19.1265
0.046246 -0.0297879 6.83212
0.000787194 -0.0193434 27.6563
-0.0157995 -0.00702682 33.8927
-0.00763036 -0.00790839 29.8105
0.00554446 -0.00797038 23.0158
0.012701 0.0225549 16.7647
0.0224051 0.0135169 12.2827
-0.0146161 0.00987667 34.105
-0.00718764 0.00621647 29.9216
-0.0111796 0.000126526 33.0742
-0.00974294 0.00896751 31.4574
-0.0620815 0.00101824 30.8801
-0.0705709 -0.0279844 34.0603
-0.0672071 -0.0491604 36.1108
0.500224 0.0351715 -13.4639
-0.00832192 -0.0164261 28.5039
-0.0165843 -0.000102719 27.605
-0.0016333 0.00163436 25.8247
-0.000890294 -0.0121369 27.0546
-0.00449031 -0.00470526 26.9871
-0.00945624 0.0070588 26.6384
-0.0401995 0.0133849 31.2717
0.0340405 0.00847309 15.7357
0.0173422 0.0256524 18.3341
0.0313861 -0.00181766 17.6036
0.021279 -0.00506869 20.7607
0.0139107 -0.0101544 23.5254
0.018586 -0.00438897 21.1536
-0.00218715 -0.0034056 27.9551
-0.0683485 -0.0156782 50.0879
-0.0442207 -0.00130366 39.8371
-0.0157651 0.00881369 27.4962
0.0403464 0.027599 4.27146
0.0506221 0.0124778 2.18377
0.0117242 0.000217784 19.8185
-0.000771618 -0.00303812 25.4134
0.0220214 -0.0157015 16.5714
0.00478823 -0.0229649 25.0479
0.00102062 -0.000855345 24.5944
0.00172812 0.00464278 23.6827
0.0219073 0.00421884 13.2271
0.024066 0.00779028 11.9023
0.0217467 0.00481878 13.5289
-0.0106532 -0.00624539 33.347
-0.0147458 0.00089865 35.0437
-0.0236162 -0.000514399 41.0015
-0.00725742 0.00352524 30.4619
-0.0796732 -0.0138923 32.5835
-0.0784317 -0.0504464 36.7865
-0.0538667 -0.0890102 39.737
-0.0290582 -0.109509 40.6181
0.00500114 -0.0558271 31.6753
-0.0102632 -0.00166456 27.2069
-0.00447093 0.0142983 24.674
-0.00603642 0.0013831 26.2511
0.000194487 -0.000318953 25.7831
0.00504413 0.00244733 24.6287
-0.0106684 0.0145856 25.928
-0.0105366 0.0414374 22.4313
0.00886203 0.0265287 20.2859
0.0204838 0.00415869 19.8452
0.0108263 -0.0357199 27.1266
-0.0145151 -0.0354031 34.7076
0.00301796 0.00491231 24.9982
-0.0143088 -0.00932657 32.4721
-0.0337527 -0.0162147 38.2781
-0.00792243 0.0374887 23.0291
-0.010817 0.0599917 21.4459
0.0108412 0.0779462 11.015
0.0234835 0.0467884 9.66016
0.00903095 0.0231664 18.436
0.00196643 0.00994452 22.8953
0.00609946 -0.00310731 22.7226
0.0131429 0.00700601 17.8514
0.00732817 0.00781501 20.7962
-0.00342862 0.00389918 26.5046
0.0162259 0.00523485 16.036
0.0277555 0.00161123 10.4817
0.0137202 0.00075399 18.4496
-0.0139406 0.0066748 33.7004
-0.00822206 0.00737036 30.2768
-0.0143407 0.00911787 34.0328
0.00319776 0.00872847 23.1766
0.00650735 0.0228899 72.3755
0.00648756 0.0233206 72.3191
0.00743504 0.0263117 71.748
-0.0371654 -0.0989864 40.0199
-0.0126271 0.134738 56.9806
-0.000496068 0.0901129 62.2147
-0.00922985 0.114289 59.4185
-0.00879619 0.100937 61.3353
-0.0119372 0.0982109 62.1192
-0.0112556 0.0977152 62.0843
-0.0143253 0.0929157 63.4428
-0.0265561 0.101628 64.526
-0.016318 0.0986995 62.9487
-0.0205262 0.103626 63.1798
-0.0190213 0.104404 62.6977
-0.0170709 0.12338 59.4325
-0.0122505 0.129604 57.1525
-0.0167057 0.139557 57.1567
-0.00357765 0.180624 46.9294
0.00197027 -0.0182227 26.7069
0.00170771 0.0491618 18.1866
-2.85496e-05 0.0472867 19.0251
-0.002067 0.023086 22.9803
-0.00701631 0.00872553 26.9878
-0.00350239 0.00831798 25.4814
9.75168e-05 -0.00204767 25.3126
0.00756451 0.00688057 20.6572
0.0077974 -0.00695436 22.3894
-0.00132246 0.000606759 25.7699
0.0311356 0.00225699 8.38858
0.039665 0.004507 3.46299
0.013967 0.0139354 16.7142
-0.00847716 0.0126125 29.8152
-0.0055649 0.0134372 27.9698
-0.0038251 0.0255713 25.4231
0.0179994 0.0217499 12.1883
0.00683233 0.0226272 72.4146
0.00665273 0.0229959 72.3655
0.00565519 0.0241084 72.2382
0.00329254 0.031239 71.2669
0.00379599 0.0706607 65.1462
-0.0136157 0.0677301 67.0812
-0.0137889 0.0805738 65.0524
-0.00737327 0.0709117 65.742
-0.0130657 0.0614204 68.0341
-0.00970346 0.0771957 65.0514
-0.020354 0.0477922 71.6845
-0.0176587 0.0708254 67.5276
-0.00465504 0.0577698 66.6287
-0.0115654 0.0827194 64.4054
-0.0201729 0.0769034 67.528
-0.0178716 0.0998663 63.2914
-0.0129119 0.0899572 63.5312
-0.00645667 0.096113 60.5946
-0.00978153 0.116202 58.4042
-0.0213771 0.114839 62.4835
-0.0136075 0.128359 57.6069
-0.0115041 0.0871728 63.2704
-0.0060742 0.115687 56.5105
-0.014672 0.110168 60.8295
-0.0116389 0.0914767 62.4087
-0.0252322 0.0943198 68.2439
-0.0166821 0.0944444 64.1277
-0.0117527 0.0246409 72.9432
-0.0157006 0.016323 30.9458
0.0246332 0.00868627 10.8236
0.0380894 0.00289607 4.63756
0.011244 0.00307469 19.8559
-0.00388403 -0.0014908 29.185
-0.00126921 -0.0030878 27.6729
0.0235232 0.00868176 10.9567
0.0116051 0.0154177 17.3319
0.00707228 0.0217393 72.5612
0.00732378 0.0216451 72.5731
0.00777692 0.0219002 72.5148
0.00743473 0.0224172 72.4627
0.00223408 0.0222653 72.9299
-0.00866038 0.0218524 73.9508
-0.0193828 0.0307042 73.6085
-0.0174321 0.0246588 74.371
-0.00975146 0.0167324 74.6669
-0.00934598 0.0206754 73.9529
-0.0164996 0.0152157 76.1881
-0.0149636 0.0267958 73.8372
-0.00899729 0.0214495 73.4482
-0.00917517 0.0159829 74.5455
-0.0163366 0.0214684 75.4009
-0.0157969 0.0338191 73.1428
-0.0118227 0.0182107 74.6821
-0.0121959 0.0217929 74.2202
-0.00704437 0.0417168 69.0485
-0.0150964 0.0421813 71.7584
-0.0162175 0.0443049 71.8189
-0.0128034 0.0230825 74.1321
-0.00382901 0.0436148 66.9291
-0.00999505 0.0390013 70.2416
-0.0105513 0.0379396 70.5743
-0.0142075 0.0370877 72.5039
-0.0273071 0.0324256 79.5376
-0.0328779 0.0307865 82.3671
-0.0235257 -0.00860678 39.052
0.0334258 -0.00307687 8.10537
0.0315065 -0.00187636 9.04293
0.016068 -0.00800647 19.0547
-0.0107381 0.00433323 32.2354
-0.00182241 0.00376909 26.7532
0.0393487 0.0045425 1.53997
0.0212272 0.000830362 13.4957
0.00660648 0.0201013 72.8682
0.00665523 0.0193382 73.0146
0.00612875 0.018047 73.2873
0.00375567 0.0154697 73.9241
-0.00112071 0.0108901 75.159
-0.00862664 0.011133 75.7606
-0.0179047 0.0121767 76.546
-0.0164879 0.0146859 75.847
-0.0101024 0.0133886 75.1829
-0.0100609 0.00944512 75.9379
-0.0115358 0.0145719 75.222
-0.0118306 0.0203869 74.1907
-0.0136992 0.0180269 75
-0.0130209 0.0193032 74.6067
-0.01296 0.0150349 75.4911
-0.0173826 0.0135259 77.0317
-0.016029 0.0134994 76.5942
-0.0101405 0.00946499 75.5582
-0.00756254 0.010736 74.5128
-0.0158685 0.0110335 77.3247
-0.0151916 0.0109659 77.1245
-0.013609 0.0122034 76.2455
-0.00648878 0.0127807 73.2606
-0.00632141 0.014506 72.8998
-0.00768713 0.0177493 72.796
-0.0120273 0.0174142 74.905
-0.0358187 0.0247488 84.8739
-0.0996125 0.0181892 117.218
0.0140634 0.020268 14.0496
0.0434462 0.00921585 0.362595
0.0291405 0.00306988 9.45717
0.0116451 0.00191353 19.6007
0.00176786 0.00448653 24.6613
0.00840915 0.0241789 16.6285
0.0387809 0.0669599 -10.1036
0.0318987 0.035118 0.0697292
0.00552845 0.0175495 73.3926
0.00520512 0.0164945 73.6224
0.00388838 0.0149971 73.9892
0.00162412 0.013083 74.5135
0.000131369 0.0124701 74.7365
-0.0122792 0.0110372 76.1105
-0.0129586 0.0128658 75.7904
-0.00769556 0.0211013 73.3888
-0.00952406 0.0319213 71.3631
-0.00916151 0.0245864 72.719
-0.0102467 0.0242794 72.997
-0.0112419 0.0277408 72.5134
-0.0113219 0.0265049 72.7916
-0.0133482 0.0351499 71.4626
-0.0133218 0.0287412 72.756
-0.016307 0.0261431 74.1273
-0.0181576 0.0228633 75.3608
-0.019268 0.0226701 75.77
-0.0162652 0.0176057 75.9618
-0.0151047 0.0124099 76.7328
-0.0124912 0.000952595 78.1417
-0.00873494 0.0181383 73.1348
-0.00466238 0.0197248 71.1448
-0.0112902 0.020815 73.6507
-0.00602634 0.0176195 72.043
-0.0120733 0.0156074 75.2284
-0.0191285 0.0158696 78.6138
-0.0442156 0.0306617 87.6908
-9.97454e-05 0.00971566 24.1196
0.0627864 0.0602711 -20.1787
0.0666249 0.125634 -35.8191
0.0571484 0.399986 -86.5338
0.00949344 0.0127441 18.5125
0.0167257 0.0872588 -1.05434
0.0501922 0.107577 -25.4445
0.0161947 0.107881 -3.97152
0.00449858 0.014644 74.0356
0.00406725 0.0138583 74.2252
0.0026422 0.0130791 74.4592
0.000134609 0.0128104 74.6602
-0.00214196 0.0145619 74.4138
-0.0113857 0.0137995 75.3752
-0.00344589 0.0191207 73.2847
-0.00755344 0.0254301 72.5737
-0.00985887 0.00823206 85.6848
-0.0178551 0.0045512 87.8668
-0.0106818 0.0348898 70.9434
-0.0168426 0.0151044 84.9517
-0.012494 0.0143076 84.2058
-0.00688838 0.0129124 83.2007
-0.0138458 0.00224598 87.5517
-0.0203302 0.00597803 88.4201
-0.00667044 0.035125 77.6187
-0.0223085 0.0224613 76.8295
0.0462157 -0.00198992 75.6117
0.0323701 0.00629318 78.6001
0.018881 0.00617581 83.4027
0.0145982 0.00163442 86.0287
0.0208164 0.00638533 82.4964
0.0149665 0.00292577 85.7532
0.00648069 -0.000758215 90.2635
0.000381532 -0.00376527 93.719
-0.0228633 0.0123562 81.1715
-0.0504003 0.00686192 95.7401
0.000819449 0.0132011 22.7803
0.063359 0.0125499 -10.8235
0.160351 0.0435819 -68.9791
0.111337 0.0452003 -41.2859
-0.0308806 0.019392 46.5618
-0.0689574 0.0935385 51.0526
0.0592702 0.106695 -30.4908
0.0300268 0.103652 -11.6084
0.00391931 0.0119663 74.6693
0.00359275 0.0116649 74.7513
0.00273418 0.0115254 74.8189
0.00148362 0.0117212 74.842
-0.00174354 0.0117651 75.0906
-0.00804872 0.0169051 74.3518
0.00574794 0.0264683 70.5068
-0.00916341 0.0167644 83.5406
-0.0116345 0.00515794 86.6833
-0.0148873 0.00471711 87.3599
-0.0278433 0.011712 87.9587
-0.0173613 0.00609171 87.2042
-0.0118043 0.007911 85.576
-0.011521 0.0117904 84.5921
-0.0153203 0.00887398 86.3507
-0.0201102 0.00524605 88.5242
-0.0237251 0.00557865 89.5159
-0.0222086 0.00952375 79.6915
0.0494622 -0.00199506 74.3714
0.0365454 0.00534521 77.3298
0.016749 0.00429182 84.6389
0.0145435 0.00296148 85.7362
0.0209583 0.0043379 82.8748
0.0130384 0.000673883 87.0948
0.00637265 0.000863247 89.9409
0.00194097 -0.000463384 92.2771
-0.00359152 0.0182318 70.4978
-0.0304203 0.0355904 79.2341
0.00716929 0.00860567 20.5276
0.106799 0.0132228 -33.2238
0.0879401 0.101935 -42.6965
0.0316385 0.0129067 11.4537
-0.0112581 0.00573969 38.0341
-0.0449458 0.0402697 49.4505
0.0384746 0.0594746 -6.31222
0.049748 0.0756375 -17.4803
0.00383094 0.00993489 75.1806
0.00359532 0.00998898 75.1731
0.00274368 0.0102991 75.1265
0.00130249 0.0107305 75.093
0.000669904 0.0104057 75.211
0.000335943 0.0124236 74.6613
0.0112307 0.0216634 71.0128
-0.0198392 0.0107006 86.5041
-0.0158116 0.00448931 87.4853
-0.0158509 0.0041458 87.6394
-0.0235036 0.00701858 88.299
-0.0193108 0.00504368 87.8636
-0.0102703 0.00544126 85.8292
-0.00891942 0.00640499 85.2922
-0.0148541 0.0029881 87.7165
-0.0206193 0.0052856 88.6606
-0.0284183 0.00801566 90.2406
-0.0158507 0.00972835 77.579
0.0472098 0.0150365 70.6891
0.0336883 0.00636347 78.0736
0.0148165 0.00352583 85.5391
0.0150975 0.00351601 85.3724
0.0211819 0.00359432 82.9738
0.0108593 0.00276016 87.5267
0.00361904 0.00167794 90.9579
1.97622e-05 0.00175908 92.579
0.0157797 0.0163062 61.7473
-0.000816825 0.0161442 69.6321
-0.012849 0.0298992 31.7767
-0.00873688 0.0484656 24.5671
0.00166258 0.041024 20.6428
0.0173334 0.0187384 17.936
-0.0167816 0.0191768 37.591
-0.0204021 0.00969476 42.2293
0.0232399 0.0237048 11.7673
0.0634115 0.0307969 -14.8989
0.0039463 0.00882564 75.4745
0.00393072 0.00885529 75.4679
0.00348289 0.00929656 75.3651
0.00186954 0.0106772 75.0742
-0.000893663 0.0133154 74.5327
0.005784 0.0115646 74.3099
0.0294543 0.022655 68.6687
-0.0147852 0.00752109 86.6117
-0.0156727 0.00812287 86.4635
-0.0160018 0.00478098 87.4942
-0.0214903 0.00578306 88.2255
-0.0195639 0.0102259 86.4818
-0.0122719 0.0067047 85.9121
-0.0079459 0.00407525 85.6794
-0.0147252 0.00580467 86.9376
-0.0191371 0.00714392 87.7368
-0.0178174 0.0084533 86.9929
-0.0205582 0.014668 77.6944
0.0478179 0.016387 70.4126
0.0241728 0.00743853 81.1838
0.0129768 0.0059624 85.5416
0.0182543 0.0105162 82.235
0.0181092 0.0112193 82.1477
0.0111139 0.00436558 86.9952
0.00421382 0.0042543 90.0188
-0.00510383 0.00329574 94.5315
-0.00569999 0.0122271 73.0642
-0.0395486 0.0184343 87.7267
-0.00294615 0.0546824 19.856
0.00319985 0.0853221 8.30013
-0.0143389 0.0817081 18.5917
0.0021305 0.0650921 13.968
-0.0456346 0.0295739 51.8798
-0.0371009 0.0155754 50.2745
0.0420776 0.0263982 -0.573986
0.0609232 0.0216209 -10.8931
0.0038155 0.00882909 75.4683
0.00402831 0.00851781 75.5565
0.00451746 0.00837209 75.5822
0.00480848 0.00898542 75.3907
0.00180378 0.0119598 74.762
0.007493 0.0140303 73.4087
0.0470352 0.0205192 67.2341
-0.011939 0.00967738 85.5992
-0.0204382 0.0145464 85.3624
-0.0191738 0.00827802 86.9832
-0.0190855 0.00789185 87.1088
-0.0205896 0.00902007 87.0689
-0.013662 0.00683959 86.1723
-0.00907125 0.00420038 85.9357
-0.0127996 0.00687361 86.1178
-0.0200319 0.00781169 87.7707
-0.010489 0.00209511 86.6624
-0.00619228 0.0204196 71.4452
0.0476776 -0.00253084 75.8255
0.0271118 0.00512044 80.7931
0.0174314 0.00808878 83.2959
0.0212179 0.00993818 81.3233
0.0134186 0.00860168 84.8447
0.00723237 0.0042315 88.7072
0.00185451 0.00160812 91.8317
-0.00929506 0.000703939 97.1971
0.00640478 0.0105396 67.7244
0.00445164 0.0243698 64.4576
0.0492587 0.0383925 -1.95087
0.0405233 0.042955 1.3269
-0.00147562 0.0730805 14.8128
-0.0124076 0.0318065 33.0116
-0.0619635 0.015168 65.7884
-0.0214597 0.00980276 43.3659
-0.000202664 0.00956473 30.5679
0.0556877 0.0210731 -7.52682
0.00327663 0.00986025 75.1519
0.00343165 0.00924628 75.3426
0.00388928 0.00840898 75.5895
0.00468862 0.00731648 75.891
0.0055356 0.00616287 76.198
0.0125615 0.00964228 74.283
0.0657035 0.0242671 63.9674
-0.00672186 0.00984222 84.8411
-0.0176556 0.0136582 85.2289
-0.0246982 0.0201569 84.2626
-0.0179684 0.0195489 83.2267
-0.0195797 0.0203476 83.2857
-0.0166283 0.00662707 86.9152
-0.00886641 0.00316416 86.189
-0.00865856 0.00198464 86.5488
-0.0165955 0.0055401 87.6073
-0.0176708 0.00961453 86.5692
-0.00536808 0.0155363 72.7023
0.041036 0.0167875 72.1928
0.0264781 0.00755699 80.2646
0.0203116 0.0113406 81.2275
0.0164965 0.00786516 83.821
0.010488 0.00218273 87.994
0.00563834 -4.44004e-05 90.7092
0.0024073 0.00103519 91.769
-0.00466837 0.00154513 94.8674
0.00678601 0.0102408 67.6193
0.0117353 0.00522379 66.7853
0.0458768 0.00779466 8.97834
0.0441088 0.0164009 7.34033
0.00518784 0.0343938 22.9599
-0.0777546 0.0180582 74.7577
-0.0509955 0.0128838 59.7812
-0.0159175 0.0261929 35.0138
0.281545 -0.180679 -66.8598
0.281545 -0.180679 -66.8598
0.00256031 0.0115992 74.5905
0.00254444 0.0109904 74.7946
0.00262529 0.0102264 75.0452
0.00350024 0.00938882 75.2678
0.00761561 0.00993366 74.7549
0.0120069 0.0136174 73.0111
0.0495762 0.00356701 72.4352
-0.00132071 0.0102622 83.9487
-0.00391698 0.0214486 80.5002
-0.0120578 0.0357789 76.9974
-0.0187339 0.0660996 68.0046
-0.0194244 0.0504226 73.1857
-0.0267127 0.0157023 86.2351
-0.0143173 0.00542184 86.7753
-0.0103413 0.00342914 86.4751
-0.0117532 0.00303708 87.0372
-0.0193112 0.0057506 88.3504
-0.00417144 0.0124682 73.2982
0.0370684 0.00516371 77.3908
0.0271287 0.00438982 81.0772
0.0207745 0.0108902 81.2311
0.0100344 0.005144 87.215
0.00667419 0.00245814 89.4306
0.0067339 0.00277055 89.3103
0.00228813 0.000288316 92.1278
-0.0059052 -0.000408403 96.106
0.00301476 0.0102694 69.4473
-0.00305555 0.00838215 72.9893
0.052305 -6.12429e-06 8.0941
0.0527521 0.0159124 2.85238
-0.00684125 0.0357855 28.9948
-0.0588142 0.00690206 67.5686
-0.060029 0.0385091 57.3787
0.000512667 0.0437792 19.5182
0.0102453 0.0691461 5.11441
0.00444446 -0.0245724 49.5064
0.00200427 0.0136297 73.8964
0.00199511 0.0132125 74.0437
0.00217222 0.0129549 74.1252
0.00340159 0.013049 74.0136
0.00783342 0.0145239 73.1459
0.00967704 0.0112502 74.039
0.0395631 0.00791461 72.0081
0.008844 0.0195145 79.3572
0.0599895 0.046565 62.0352
0.168511 0.0161537 57.0328
0.0513087 0.0108301 80.5664
-0.00739337 0.0174956 89.519
-0.0723733 0.00992031 105.82
-0.0169338 0.00448397 87.754
-0.0108338 0.00385946 86.4322
-0.00891873 0.00395562 85.9171
-0.0175042 0.00751409 87.1997
-0.0322893 0.0117817 90.0852
0.0418082 0.00150296 76.9614
0.030748 0.00295357 80.2928
0.0208409 0.00227528 84.1651
0.00838335 0.00272941 88.6975
0.00692936 0.00430907 88.7085
0.00432482 0.00250722 90.4341
-0.0010603 -2.69881e-05 93.6776
-0.00815074 -0.0027757 97.8788
-0.00726914 0.0145892 72.9006
-0.0134845 0.012837 76.6743
-0.0105991 -0.0020088 80.5659
0.0333227 0.0513212 13.571
0.0151288 0.0959223 7.74384
0.00634243 -0.0590361 52.285
-0.00657219 -0.00751377 41.8302
0.0277495 0.0413014 4.11677
0.0273058 0.0698515 -5.71743
0.0309312 0.0749569 -9.77815
0.00163092 0.0158127 73.11
0.00180591 0.0153915 73.262
0.00230942 0.0152235 73.3045
0.00289654 0.0154125 73.2034
0.00267392 0.0140287 73.738
0.00957111 0.013388 73.2413
0.0391257 0.0156034 69.2719
0.0185587 0.00927122 81.6333
0.133155 0.0359997 55.0806
0.177367 0.0313813 50.2451
0.0485004 0.0325759 73.244
-0.0323311 0.016121 95.2405
-0.0853071 0.0121647 107.906
-0.0216788 0.0129023 85.8805
-0.0156504 0.0102432 85.3333
-0.011155 0.00732953 85.2888
-0.016795 0.0112232 85.5264
-0.0235401 0.0304081 79.9098
0.0506717 0.0114895 70.2024
0.0291677 0.00234134 81.0403
0.0216421 0.00031136 84.5589
0.00990838 0.00194053 88.3708
0.00723575 0.00205064 89.3877
0.00429163 0.00234594 90.5164
-0.00567134 0.00318876 94.5633
-0.0262406 -0.00329515 106.402
-0.0051864 0.0130641 72.4954
-0.018526 0.00985059 80.3127
-0.0241636 -0.00015462 86.8642
0.0459179 0.0315291 14.0474
0.0300696 0.0358251 21.061
0.109794 -0.000186449 -29.2466
0.0666953 0.0451041 -20.5272
0.0561614 0.0597632 -19.8156
0.0447716 0.0696824 -16.5434
0.0397918 0.0750387 -15.4285
0.00106214 0.0180015 72.2847
0.00135718 0.0172777 72.559
0.00226027 0.0165805 72.7947
0.00378814 0.016304 72.8175
0.00591455 0.0186921 71.7319
0.00823163 0.0172281 71.962
0.0473139 0.0222764 65.9081
0.0283834 0.0155408 77.8375
0.079739 0.0220428 67.4947
0.110006 0.0340751 61.3742
0.0362893 0.01226 83.2591
-0.045914 0.0126445 99.4129
-0.114592 0.0239526 109.86
-0.0201629 0.026357 80.3522
-0.0170155 0.0230144 80.7963
-0.0141374 0.01834 81.8658
-0.00501127 0.0169371 79.7662
-0.0221164 0.0289394 80.4486
0.0325579 0.00890048 77.3482
0.0210861 0.00203773 83.9765
0.0219553 0.00138869 83.9875
0.0112859 -0.000881697 88.9083
0.00858515 -0.000215544 89.7131
0.00743975 0.00555946 87.9634
-0.00148026 0.00780733 90.9306
-0.00704898 0.00874535 93.0791
-0.0101237 0.00938847 76.2735
-0.0120362 0.00759225 77.9556
-0.00429469 0.00983827 73.0925
0.0418475 0.0183376 21.1393
0.0318028 0.0243029 24.396
0.0237453 0.0291817 26.8679
0.110914 0.0448684 -46.246
0.0693955 0.0569738 -26.4222
0.0608977 0.0457991 -3.84225
0.0397918 0.0750387 -15.4285
9.90531e-05 0.0197555 71.5996
0.00033253 0.0186921 72.0269
0.00121935 0.0172109 72.5941
0.00325224 0.0148895 73.425
0.00539042 0.0120535 74.4429
0.0150936 0.00823746 74.9451
0.0538119 0.0109304 69.8692
0.050174 0.0174803 73.9688
0.189283 0.0407074 44.5445
0.10668 0.0284523 64.072
0.0270623 0.0197929 81.9781
-0.0296278 0.016733 94.405
-0.066585 0.0225272 99.8
-0.0131422 0.035579 74.8472
-0.0159923 0.0368309 75.0893
-0.0175782 0.0376797 75.1645
0.0342024 0.0785938 58.6763
0 0 -1
0.0250104 0.0113389 78.9061
0.0225568 0.00577505 81.9841
0.0163902 0.0010874 86.1733
0.0107787 0.000780697 88.4075
0.010532 0.0019732 88.0119
0.0114604 0.00401416 86.8019
-0.00168678 0.00746945 91.1683
-0.0193077 0.0159009 95.6891
-0.0128709 -2.03426e-05 81.3499
-0.0138183 -0.000411636 82.0325
-0.0124393 -0.00213051 82.0241
0.0627501 0.015705 10.9848
0.0301896 0.0276166 23.9178
0.0134617 0.02669 33.5658
0.00962474 0.0486488 26.2643
0.0339989 0.034815 17.0926
0.0656884 0.0373646 -3.45212
0.0756959 0.0397062 -10.6198
-0.00115839 0.020742 71.2076
-0.00124001 0.019469 71.7524
-0.00163143 0.0174941 72.6095
-0.00204212 0.0137785 74.2122
-0.00190406 0.00600162 77.506
0.00730673 -0.0111142 83.8307
0.0433688 -0.0354434 90.6539
0.0276272 0.028684 72.6048
0.170415 0.047248 45.0363
0.0895477 0.0333177 64.9795
0.0199757 0.030302 78.8663
-0.0428273 0.0300484 91.5038
-0.0655305 0.0290249 96.7174
-0.0996651 0.183954 34.5843
-0.00598666 0.0897606 50.0912
0.0849904 0.0704688 47.3308
0.0369576 0.0608577 65.733
-0.0163917 0.0769506 75.1512
-0.0684903 0.0627513 97.7045
0.0180465 0.0161984 79.1557
0.0149739 0.0145669 80.9523
0.0126517 0.0129548 82.5024
0.0114838 0.0105404 83.9748
0.0125942 0.0120077 82.9382
-0.00206558 0.0121341 89.3484
-0.0048337 0.0191689 87.5074
-0.00333965 -0.00307903 77.9708
-0.0146565 0.00684913 79.371
-0.0253127 -0.000473271 87.9564
0.0590238 0.0248091 9.22281
0.034724 0.0312369 19.896
0.0214729 0.0344574 25.7921
0.0107129 0.0260245 19.6362
0.0280959 0.0310739 7.32755
0.069215 0.0313398 -3.08978
0.0665481 0.0285104 -0.222953
-0.00254541 0.0209101 71.1536
-0.00296732 0.019508 71.7884
-0.00497063 0.01735 72.8312
-0.00762109 0.0153338 73.8845
-0.013226 0.0113169 76.0775
-0.011081 -0.00231865 81.9098
-0.00810384 -0.0118837 85.8657
0.141797 0.0803643 35.1228
0.155462 0.0631078 40.3643
0.0497892 0.0995543 42.735
0.00344603 0.0585009 69.5072
-0.0273376 0.0577034 76.0759
-0.0823219 0.0872587 74.7549
-0.0279927 0.202409 10.182
-0.0913123 0.236094 9.56088
0.0368249 0.0028238 90.9172
0.0250909 0.0178184 88.1485
-0.0146001 0.0335566 93.2376
-0.0264917 0.0131218 105.711
0.0148715 0.0802554 52.252
0.0148042 0.0784492 53.1085
0.0065391 0.0640462 62.5331
0.00849563 0.0522604 66.935
6.80163e-05 0.0530271 70.3062
-0.00934757 0.0426177 79.2128
-0.0319138 0.0483073 86.9819
-0.039881 0.310851 -26.7275
-0.0133177 0.0171195 74.2003
0.0248851 0.0244022 51.4833
0.0719222 0.363111 -122.311
0.0291903 0.426123 -127.447
-0.00472208 -0.0044761 86.4035
-0.0132384 -0.0191519 97.6958
-0.0426854 0.0974395 63.5251
-0.0535673 0.356382 -45.7316
-0.0266028 0.388538 -76.7594
-0.00385451 0.020752 71.2391
-0.00438031 0.019393 71.8785
-0.00571003 0.0178977 72.6193
-0.00781021 0.0177017 72.8294
-0.0129423 0.0175138 73.3278
-0.02214 0.0050212 79.8405
-0.0154748 -0.0102241 86.0994
0.50938 0.0512245 -1.22791
-0.00563629 0.0693326 66.6852
-0.00814532 0.0780967 63.1638
-0.00893755 0.05167 75.4773
-0.0127773 0.0590883 72.916
-0.019319 0.0846404 62.4144
0.00881773 0.0937123 51.273
0.0700825 0.0769164 43.5228
0.162427 -0.0653265 85.2991
0.0241514 -0.0129266 102.057
-0.0353634 -0.00836374 118.525
-0.0694922 0.000338145 119.903
-0.0195094 0.0623007 73.8924
-0.00677837 0.0588332 70.9419
0.0051737 0.0627655 64.4927
-0.0149021 0.0529839 76.9318
-0.0145663 0.0304701 87.2762
-0.0101833 0.024771 88.0603
-0.0145978 0.0308357 87.2305
-0.0133379 0.00581583 98.3084
0.0112573 0.0242605 77.7021
-0.0318867 0.393339 -79.0137
-0.00478035 0.439709 -114.94
0.0188567 0.432084 -124.18
0.00515631 0.442394 -121.153
0.00438963 0.420308 -110.644
0.00667124 0.410081 -107.113
-0.0116385 0.415848 -98.7818
-0.017367 0.410733 -92.6357
-0.00306017 0.440048 -120.262
-0.00249 0.43846 -119.514
-0.000959712 0.436032 -118.408
0.00167495 0.43279 -117
0.0052913 0.428 -114.966
0.0109237 0.423004 -113.12
0.0116261 0.406831 -105.382
0.00888718 0.402272 -102.739
-0.0070334 0.0481356 76.7812
-0.00916929 0.0482019 77.0587
-0.0116349 0.0644936 69.4917
-0.0097242 0.0543781 74.095
-0.00109697 0.0651408 66.8836
0.0235591 0.0615018 62.3805
0.0844221 0.0628816 45.4906
0.171759 -0.0327849 67.0924
0.0874729 -0.00180844 77.1561
-0.010371 0.00334556 104.475
-0.0357955 0.00238385 107.401
-0.0124948 0.0119338 94.7992
-0.00293239 0.0202068 87.4479
-0.00953211 0.0324907 84.1215
-0.019825 0.0107456 98.5858
-0.0204668 0.00151627 103.231
-0.00349402 0.00395131 94.6853
-0.00760891 0.0689751 65.5854
-0.0156144 0.0254904 89.9516
-0.0314747 0.0473754 87.449
-0.0289016 0.40486 -85.8665
-0.0149755 0.425033 -102.91
0.0262532 0.41609 -120.768
0.0293185 0.421356 -124.876
-0.00155005 0.439272 -115.875
0.00327038 0.432613 -115.771
-4.67342e-05 0.403083 -99.5194
-0.00759568 0.406239 -96.2192
-0.00430164 0.439921 -120.188
-0.00423449 0.438331 -119.402
-0.00333977 0.436011 -118.289
-0.000980281 0.433209 -117.038
0.00391659 0.430535 -116.086
0.0134178 0.429664 -116.542
0.0109044 0.428733 -115.711
0.026223 0.380818 -93.899
0.0226809 0.11417 39.4668
0.0105033 0.10337 46.4725
-0.00870092 0.0984147 52.4818
-0.0181265 0.129953 38.7433
-0.0228547 0.140291 35.1162
0.00654381 0.16268 17.2233
0.0573083 0.113457 27.899
0.10406 0.0731925 35.5374
0.0591661 0.0550921 57.479
-0.0164018 0.0360828 89.7635
-0.0367447 0.317467 -45.2517
-0.00792994 0.364035 -78.2709
-0.00671812 0.421203 -107.048
-0.00169032 0.385163 -91.0971
-0.00552617 0.352502 -73.3098
0.00466954 0.370426 -86.2089
-0.00180789 0.404229 -99.896
-0.00511844 0.450003 -121.256
0.0123088 0.427944 -118.587
0.0145966 0.408072 -109.629
0.0104106 0.420102 -113.279
-0.0016768 0.424967 -109.654
0.00530698 0.427306 -114.437
0.0109884 0.40668 -107.414
0.0130814 0.410366 -110.367
-0.000232092 0.439473 -116.874
-0.0100277 0.415209 -98.9492
-0.0605307 0.388771 -54.2837
-0.00518622 0.43971 -120.075
-0.00531422 0.438028 -119.222
-0.00446247 0.435969 -118.218
-0.00174801 0.434104 -117.432
0.00315601 0.433161 -117.322
0.00792299 0.422998 -112.59
0.0001313 0.385711 -92.9594
-0.000557183 0.340099 -69.8856
0.000662815 0.249614 -24.1718
-0.012357 0.211018 -2.83488
0.00412525 0.157554 20.8894
-0.00650323 0.234234 -15.1203
-0.00239959 0.232949 -15.2928
0.0066406 0.245614 -23.7841
0.0238329 0.213541 -12.0121
0.0466948 0.181958 -2.37352
0.0268579 0.0979173 45.8169
0.0133959 0.097974 49.7139
0.00553687 0.320326 -60.703
-0.00600627 0.358778 -76.2166
0.0076613 0.407809 -105.745
-0.00378702 0.416599 -105.816
0.00162848 0.397508 -98.3276
0.00690096 0.386519 -95.0042
0.013248 0.433849 -121.277
-0.00131619 0.467289 -131.528
0.00674701 0.437389 -120.312
0.0104119 0.401639 -104.263
0.0211324 0.380867 -99.2452
0.00728847 0.423089 -113.294
-0.000462174 0.420724 -107.987
0.00607007 0.400966 -101.754
0.00791515 0.387249 -95.9194
0.00898315 0.413544 -109.632
-0.0170206 0.436533 -105.274
-0.0281569 0.452765 -106.606
