-0.0217741 0.00470112 27.1413
-0.0219054 -0.0137354 27.3479
-0.0195323 -0.0266434 27.3433
-0.00695911 -0.0478803 26.8673
-0.00198541 -0.0484726 26.4098
0.0026511 -0.0474673 26.0747
-0.00917647 -0.0279752 27.3859
-0.000741135 -0.0232521 26.1718
-0.00307478 0.00183191 26.1791
0.00887721 -0.0324317 24.6693
-0.00169748 -0.0306314 26.6529
0.00287756 -0.0384731 25.7951
0.00816355 -0.0211978 24.4891
-0.00822578 -0.0206374 28.19
-0.000691904 -0.00891171 26.0446
0.00641837 -0.0168298 24.3146
0.018856 -0.00455629 20.6917
-0.00277821 -0.00201555 27.356
-0.0236551 -0.0195179 34.3235
-0.00800748 -0.0222299 28.833
0.00430404 -0.0167588 24.2819
-0.00987456 -0.0550554 30.3099
0.0230974 -0.0215282 16.8404
-0.00581181 -0.0221674 29.1248
-0.0132104 -0.0313701 32.409
-0.0193477 -0.0468167 35.6612
-0.014147 -0.0517195 32.8547
-0.0077592 -0.0358531 29.1895
0.0357683 0.00408523 6.90411
0.0226997 -0.0177509 14.2396
0.00972575 -0.012268 21.1839
-0.00517493 -0.00491985 29.5653
-0.0186525 -0.0143167 37.3155
0.0158278 -0.0267208 16.8016
-0.00822435 -0.0191331 31.2887
-0.0386926 -0.0133489 50.16
-0.0353026 0.0131347 27.0675
-0.0350677 -9.68376e-05 27.3625
-0.0367615 0.00680929 27.3325
-0.0183964 -0.0355636 27.3132
0.0156718 -0.0352821 24.3574
0.0221253 -0.0222896 23.3248
0.0164246 0.000202122 23.8001
0.00473694 0.00240646 25.1318
-0.020656 0.00918052 28.7279
-0.0094381 -0.0168145 27.5385
-0.0200065 0.00630631 28.8626
0.00831402 -0.0190578 24.1079
0.00867619 -0.00692525 23.945
-0.00677196 -0.00469341 27.3064
0.000385252 0.00845389 25.0333
0.0127996 0.0137295 21.5851
0.0301309 0.0156172 16.7957
0.00647657 0.0120979 24.0988
-0.0341308 0.0202772 36.6677
-0.00653694 0.00498945 27.4314
-0.00762068 0.0232587 27.6499
0.00627816 -0.0115659 23.0352
0.0208326 -0.0160602 17.7676
-0.0135567 -0.0151791 32.271
-0.00876013 -0.0266774 30.3939
-0.0213438 -0.0288303 36.3105
-0.0116122 -0.0276547 31.1554
0.00487316 -0.0154252 22.7172
0.0239198 -0.0194778 13.5293
0.0315171 -0.0169859 9.50881
0.0106841 -0.00816489 20.5177
-0.00427943 -0.00456479 28.8738
-0.0189695 -0.00442445 37.1766
0.00855239 -0.00804444 20.9128
-0.010132 -0.0114614 32.3531
-0.0310474 0.00538518 44.8614
-0.0298228 0.0279254 26.5004
-0.0258673 0.0282994 26.4084
-0.0317756 0.00759096 27.7614
-0.00568555 0.00620069 25.0202
0.0147638 0.0274114 22.7109
0.018465 0.0141058 23.1476
0.0191233 0.0144081 23.291
0.000653718 0.00568729 25.9144
-0.0204167 0.00646808 29.1526
-0.0275808 0.0128884 30.2439
-0.0327983 -0.00938887 32.1654
0.00912274 -0.0150235 23.9017
0.00191436 -0.00665679 25.781
-0.00987684 0.00330625 27.8495
0.0122471 0.00321533 22.1636
0.0197629 0.0164999 19.7851
0.0292364 0.0133216 17.3827
0.0226938 0.00636139 19.3449
-0.0303857 0.028674 35.6576
-0.0121946 0.00590747 30.0762
-0.0155535 -0.0104037 32.5557
-0.053023 -0.0145898 46.3621
0.0402068 -0.0223244 10.6631
-0.00581916 -0.00827953 28.9454
-0.0126344 -0.0145283 31.9302
-0.0138188 0.00621717 31.7222
-0.00558273 0.00840647 27.2261
0.00652631 0.0167757 20.7366
0.0216077 0.00184708 13.8362
0.031347 -0.00778767 9.3719
0.00412891 -0.0136777 24.4134
-0.00315329 -0.0124961 28.4573
-0.00605257 -0.00493475 29.5501
0.00103112 -0.00297088 25.4191
-0.0104793 0.000695851 32.2032
-0.0101859 0.0139185 31.4473
-0.0388189 0.0385581 26.0358
-0.034162 0.0253468 26.7588
-0.0320257 0.0127511 27.7145
-0.0293918 0.0190396 26.7978
0.0332087 -0.00460092 23.3086
0.0103884 0.00282883 24.6318
0.0162253 0.0022378 24.2085
-0.00116627 -0.00418817 26.8396
-0.0170971 -0.0179609 30.0835
-0.0145577 -0.0059334 28.7391
-0.0217138 -0.01787 30.6602
0.001436 -0.0153522 25.9041
0.00347253 -0.0218148 25.9246
-0.000344617 -0.0102216 26.287
0.00495241 0.00516459 23.928
0.016859 0.0181532 20.2411
0.0310041 0.00334318 17.4736
0.00840866 -0.00498092 24.6377
-0.0371753 0.00204571 39.3871
-0.029575 -0.0510911 39.8653
-0.0217166 -0.0513446 37.1215
0.00377957 -0.0286639 25.0612
0.0254738 -0.023441 16.4154
0.0252861 -0.0213263 16.4909
0.00703548 -0.00790841 22.8746
0.00374786 -0.0139764 25.0096
0.00618321 -0.00153845 22.6728
0.0102295 0.00383574 20.1099
0.0075563 0.00844697 21.2265
0.0190093 0.00320069 15.4441
-0.00378977 -0.00120379 28.0093
0.00746609 -0.00136378 21.5538
-0.00178311 0.00397411 26.4324
0.00664207 0.00688098 21.3835
-0.00429846 0.0185025 27.3137
0.00338195 0.0178827 22.562
-0.0564579 0.0438824 25.886
-0.059806 0.0295501 27.1284
-0.0563356 0.0148286 28.3562
-0.0306139 0.0225667 26.2964
-0.00460066 -0.000382005 26.4795
-0.000802049 0.0022304 25.7979
0.000539246 -0.00873483 26.5478
-0.00483933 -0.017877 27.9701
-0.0159535 -0.0160298 29.4731
-0.0102639 -0.0181079 28.557
-0.0149489 -0.0226093 29.1837
0.0358202 -0.0211134 18.4329
0.0392414 -0.0057227 16.4873
0.0192454 0.00170527 20.6957
0.0214752 0.00111816 20.0432
0.015685 0.0147534 20.6723
0.0124757 0.00375323 22.8533
0.00253011 0.00460383 25.623
-0.0442885 -0.0167529 42.521
-0.0620287 -0.0406406 50.4599
-0.0499759 -0.0609631 47.1091
-0.000208451 -0.0669859 28.8452
0.0458806 -0.0235962 7.38467
0.00731126 -0.0108208 22.9325
-0.00863319 -0.0153935 29.9838
0.0142862 -0.0201976 20.4354
-0.00380398 -0.0188724 28.1293
0.0114307 -0.00933157 20.1278
-0.000873034 0.000576977 26.0556
0.0228126 -0.00805249 14.1785
0.00778028 0.00457744 21.272
0.0069624 0.0230909 20.186
-0.007369 0.0270449 28.0485
0.00725918 0.00400336 21.2163
0.00512952 0.00700976 22.4278
0.00240924 0.0157617 23.4048
-0.0654926 0.0405325 26.3457
-0.0706825 0.0188638 28.6758
-0.068995 -0.00373868 31.0631
-0.0511276 0.0120245 27.8939
-0.00547189 -0.0128686 27.2753
0.0108245 4.25549e-05 24.5773
0.00333923 0.00558903 24.8616
-0.00592391 0.00214855 26.2526
-0.0137222 0.00615089 27.1196
-0.0291769 0.0113918 29.2042
0.00317407 0.0302975 19.5624
0.0303271 0.0393998 13.7761
0.0379081 0.0354755 12.8922
0.0202433 0.00900643 19.6928
0.0303848 0.0110315 16.8133
0.0246173 0.0136918 18.5257
0.0152165 -0.00469775 23.0728
-0.0194114 -0.0177393 35.0876
-0.0717028 -0.0118866 51.3025
-0.064559 -0.016327 48.7094
-0.0163808 0.0275323 25.8736
0.031358 0.000843834 10.6342
0.0394583 0.0155226 6.63538
0.00830451 -0.000513289 21.6059
-0.0139128 0.000965609 30.8611
-0.000837272 0.00402999 24.9319
0.0032736 0.0182269 21.0687
0.0136604 0.0195071 15.9555
0.0153954 0.00491711 16.7477
0.0239373 -0.0105369 13.8611
0.0202037 -0.0049928 15.2228
0.0237081 0.0208315 10.8945
-0.0206996 0.0119057 37.3387
-0.000595275 0.00687746 25.6817
-0.00214243 -0.00221842 27.8167
0.00814449 0.00638227 20.6729
-0.0766645 0.03606 26.9386
-0.0799428 0.0156787 29.4046
-0.0895721 -0.00670583 32.2597
-0.0493077 -0.0320941 32.3284
0.0227402 -0.023425 25.9244
0.00784529 -0.0027735 25.4006
-0.00458287 0.00848465 25.4077
-0.00381554 0.00700312 25.3568
-0.00703283 0.00816446 25.8816
-0.00719233 0.0136396 25.1833
-0.0238584 0.0482835 24.1421
-0.00124399 0.0424221 20.3376
0.00267701 0.011377 23.5275
0.00750804 -0.00457415 24.279
0.0139917 0.00839121 21.1132
0.00168749 0.000370301 26.2694
0.0081166 -0.0201892 26.3656
-0.0334686 -0.0121587 38.1448
-0.0601053 -0.01463 47.5234
-0.0238578 0.0314184 29.3357
-0.00141415 0.0761827 16.1016
0.0154904 0.0580503 11.5481
0.0187227 0.0235506 14.4298
0.00890915 0.00893401 20.26
0.00060415 -0.00249175 25.1077
0.00486281 0.0168116 21.1974
0.000496044 0.0240146 21.819
0.0222827 0.00780788 13.1419
0.0096922 0.00361264 19.786
0.0273876 -0.00313577 11.2167
0.0322252 0.00242546 7.99508
0.0144516 0.0153717 16.7651
-0.0285224 0.0126755 41.7769
-0.0121875 0.00893012 32.5159
-0.0039062 0.00879061 27.6449
0.0200565 0.00555073 13.159
0.00702947 0.0265608 71.6749
0.00702322 0.0269877 71.6184
0.00689432 0.0272197 71.5906
-0.0905286 -0.0230387 34.0978
-0.0130534 0.122217 58.7731
0.00870424 0.0904029 61.2241
-0.00609322 0.107084 60.1749
-0.016127 0.0808369 65.2891
-0.0133938 0.0985107 62.2484
-0.012292 0.0746821 65.5147
-0.0105203 0.0843125 63.8021
-0.0156436 0.0865603 64.529
-0.0182484 0.0914583 64.387
-0.0149711 0.0969952 62.8412
-0.0157359 0.105603 61.8053
-0.017184 0.102514 62.7685
-0.0122709 0.106262 60.6945
0.0122105 0.172873 43.4984
-0.0196041 0.107217 62.9573
-0.0338168 0.105779 67.9065
-0.00865757 0.198128 45.4948
-0.0169239 0.0480304 25.4755
0.00309519 0.0170132 21.597
-0.00518325 0.0029553 26.9443
-0.0046329 0.00205035 26.7264
0.00195791 2.95716e-05 24.3496
0.00146773 0.0194126 21.8916
0.00373958 0.0114438 21.7351
-0.00733092 0.00817013 27.9655
0.0285834 0.00135332 9.90976
0.0452352 0.00625084 0.316173
0.00994208 0.00492523 20.5269
-0.0177778 0.00568323 36.262
-0.0120197 0.00619216 32.737
0.00840291 0.00354998 20.8257
0.012869 0.00384312 18.0186
0.00730315 0.0263157 71.7116
0.00725345 0.0265422 71.6807
0.0067042 0.0273393 71.5823
0.00568915 0.0331965 70.7321
0.00647063 0.0682425 65.2714
-0.00669404 0.081554 64.2411
-0.0133817 0.0878528 63.8644
-0.00754671 0.0561339 68.0166
-0.0170768 0.0603624 68.6925
-0.00324019 0.0687926 65.1298
-0.00475956 0.0634878 66.0706
-0.0134339 0.0602051 68.1802
-0.013127 0.0691803 66.6316
-0.00268158 0.0588909 65.8887
-0.00865518 0.0835814 63.443
-0.0183081 0.0778881 66.8954
-0.0139794 0.0900206 63.6942
-0.0103957 0.0876739 62.9303
-0.0142214 0.0838598 64.8171
-0.0129072 0.079017 64.977
-0.0191761 0.129594 59.5534
-0.00217526 0.0931347 58.6419
-0.0147914 0.0953762 63.0813
-0.0154668 0.10462 61.9095
-0.00449628 0.0841923 60.3264
-0.0260813 0.100523 67.6218
-0.0167626 0.0538753 70.6861
-0.0056661 0.0383725 67.8544
0.00681864 -0.00101088 21.7485
0.0320462 0.00227067 7.81719
0.0503664 0.00751336 -2.85546
0.0216579 0.00961107 13.1501
-0.021012 0.00338287 38.66
-0.00576522 -0.00357562 30.3423
0.0188451 0.00831672 13.6779
0.0132162 0.00287029 17.9168
0.00733552 0.0254516 71.8572
0.00761658 0.0251369 71.9064
0.00816869 0.0249072 71.9272
0.00833835 0.0248433 71.9436
0.00387515 0.0237339 72.5227
-0.00831043 0.023553 73.6163
-0.0179731 0.0340141 72.7858
-0.013668 0.0186376 74.8398
-0.0134549 0.0207255 74.4518
-0.00222825 0.0281655 71.4059
-0.0126962 0.0198065 74.6339
-0.0153286 0.0223023 74.6426
-0.0081581 0.0302759 71.7288
-0.00655767 0.0196317 73.184
-0.0119642 0.0171761 74.9737
-0.0123105 0.0287389 73.0155
-0.0155999 0.0453192 71.0885
-0.00741053 0.0388152 69.6252
-0.00805776 0.0431325 69.0906
-0.00862078 0.0282165 71.7259
-0.0111278 0.0507742 68.8098
-0.0089301 0.0330836 70.9049
-0.00813356 0.044021 68.5861
-0.00742867 0.0582281 65.8813
-0.00812938 0.0449585 68.4271
-0.0146067 0.0470616 70.9974
-0.0206671 0.0467085 73.9627
-0.0687324 0.021279 101.529
0.0125083 0.0122044 16.5673
0.0396025 0.0119551 2.19059
0.0435715 0.00337369 1.49532
0.0376474 0.01147 3.71765
-0.0188733 -0.000703666 38.0645
-0.00119345 0.00243417 26.3981
0.02543 0.00100729 10.6301
0.0110151 0.00461576 18.938
0.00657969 0.023749 72.18
0.00661613 0.0226624 72.3893
0.00588344 0.0210188 72.7382
0.00303729 0.0178483 73.5146
-0.00203541 0.0118482 75.0276
-0.00787841 0.0107831 75.7468
-0.0171594 0.0133557 76.2541
-0.0168678 0.0139133 76.042
-0.011248 0.012861 75.4302
-0.00914297 0.0127271 75.1367
-0.0103683 0.0161195 74.7011
-0.0134916 0.0185535 74.8197
-0.0130677 0.0189243 74.7022
-0.00996397 0.0106156 75.5161
-0.0108175 0.0105602 75.7251
-0.0158439 0.0125656 76.7501
-0.0147679 0.0138009 76.1623
-0.0116456 0.0126229 75.4324
-0.0118381 0.0112129 75.7847
-0.0143042 0.00916187 77.0369
-0.0117869 0.0100421 75.9881
-0.00996251 0.0144221 74.4521
-0.00458348 0.0149599 72.1447
-0.00624194 0.0181973 72.2272
-0.0066713 0.0198938 72.1182
-0.0160635 0.0182562 76.6841
-0.0364306 0.0250133 85.2113
-0.0861854 0.0244792 109.178
-0.0232347 0.021383 33.3641
0.02052 0.00807761 12.8465
0.0460234 0.0254694 -3.923
0.0120235 0.0258569 15.3775
-0.0158653 0.0196079 31.9498
-0.000511718 0.00991153 24.5549
0.022765 0.0406235 4.68213
0.0112197 0.0220833 15.6461
0.00505113 0.0209956 72.7503
0.00478212 0.0193522 73.1028
0.0032907 0.0173867 73.5766
0.000147679 0.0153154 74.1872
-0.00316015 0.0157954 74.3164
-0.0111086 0.00947774 76.2884
-0.0134305 0.00995953 76.4576
-0.0128687 0.015483 75.222
-0.0143181 0.0156281 75.3343
-0.00982021 0.0175823 74.233
-0.00973612 0.0258554 72.5772
-0.0108352 0.0247141 73.0181
-0.0164188 0.0263664 73.8528
-0.0158207 0.0254236 73.9331
-0.0174313 0.0227898 74.972
-0.0152239 0.0190749 75.2336
-0.0172584 0.0190254 75.8579
-0.0149801 0.0167288 75.5991
-0.0117015 0.0122454 75.5311
-0.0217952 -0.000592947 81.7187
-0.0103019 0.0107318 75.2393
-0.00643586 0.019296 72.0587
-0.00358766 0.0184074 71.0122
-0.00755796 0.0152885 73.2863
-0.0231786 0.0376595 75.6682
-0.0135631 0.0122077 76.632
-0.0133479 0.0141411 76.2444
-0.0406018 0.0361399 84.95
-0.0258531 0.0096208 37.1146
0.0721171 0.02761 -18.6542
0.121339 0.0647717 -53.1171
0.128205 0.119926 -68.3698
-0.0193819 0.0301681 32.0568
0.0228984 0.0624087 -0.118854
0.0453325 0.0969712 -20.8647
0.0224837 0.0691856 -0.57325
0.00320115 0.0177851 73.4689
0.00291802 0.0159946 73.8835
0.00167189 0.0142773 74.325
-0.00103216 0.0133443 74.6928
-0.00563506 0.0145732 74.7579
-0.0128691 0.0135399 75.5671
-0.00822035 0.0130814 75.1469
-0.0107521 0.0192457 74.1547
-0.0122601 0.00969776 85.6862
-0.0211498 0.00778052 87.6531
-0.0265403 0.0130376 87.3434
-0.0255123 0.105932 65.5597
-0.0181627 0.0293831 81.7483
-0.0169672 0.0404436 71.0729
-0.00660078 0.00615882 84.6642
-0.0214109 0.00403336 89.1654
-0.0261622 0.0241677 77.4448
-0.0187809 0.0140807 77.4239
0.0268405 -0.0101944 84.7192
0.0146601 0.0011084 86.4017
0.0151612 -0.000664366 86.57
0.0206363 -3.74956e-05 84.3203
0.0154139 -0.00110042 86.7248
0.0105942 -0.000950278 88.6684
0.00738917 -0.00028915 89.9097
-0.00671783 -0.00997918 98.5877
-0.000814811 0.0144581 70.0533
-0.0145022 0.0286151 73.446
-0.160296 0.0229409 103.491
0.170003 0.0342065 -72.7179
0.134706 0.0845852 -64.245
0.116477 -0.0107054 -31.3012
0.041823 -0.0472919 19.5016
0.0127145 0.105221 -2.70361
0.0850802 0.0815811 -41.6921
0.0175708 0.0825466 -0.0607353
0.00135066 0.0146712 74.2196
0.00117071 0.0129748 74.6394
0.000530008 0.0113821 75.0555
-0.000900613 0.0105575 75.3421
-0.00448808 0.01259 75.1268
-0.0105985 0.0174148 74.436
-0.00351396 0.0239463 71.9997
-0.0102526 0.0171831 83.6012
-0.0130373 0.00789787 86.2466
-0.0184101 0.00331854 88.2811
-0.0259003 0.00748613 88.5826
-0.0193089 0.0105506 86.4897
-0.0145003 0.0115594 85.2205
-0.00606649 0.0208109 80.9395
-0.012337 0.0137501 84.3289
-0.0220735 0.00562109 88.9717
-0.0280793 0.00975977 89.7552
-0.0257109 0.0125844 80.0072
0.036359 -0.0030541 79.7524
0.0191982 0.000816545 84.8636
0.0146118 0.0028467 85.946
0.0213821 0.00466946 82.9355
0.0156677 0.00209774 85.8442
0.0100529 0.00135597 88.3423
0.00502984 0.000771622 90.69
-0.00841963 -0.00122668 97.3096
0.0086426 0.0130452 65.7874
0.0129254 0.0247978 60.8966
-0.115652 0.0579226 72.1746
0.223616 0.03723 -102.231
0.141179 0.0945317 -70.0367
0.0673953 0.00840728 -7.65059
0.0173472 -0.0169926 26.9975
-0.080545 0.00788988 78.3855
0.0499936 0.0556988 -14.0677
0.0442283 0.0642313 -12.5406
-0.00030286 0.0119707 74.9184
-0.000467113 0.0105698 75.2897
-0.000873183 0.00913912 75.6811
-0.00166013 0.00802568 76.0192
-0.00346174 0.00838454 76.0642
-0.00249995 0.0132566 74.6522
0.00695297 0.0237107 70.9163
-0.0201448 0.00960954 86.8434
-0.0169795 0.0039866 87.8084
-0.0177676 0.00425416 87.916
-0.0247137 0.00628648 88.6359
-0.0182579 0.00420523 87.8359
-0.0104679 0.00533909 85.8475
-0.00362137 0.0103838 82.9406
-0.0152316 0.00791252 86.5936
-0.0266183 0.00716507 89.8637
-0.0374407 0.00604189 93.3886
-0.0152816 0.0120117 76.7808
0.0382549 0.00260875 77.5999
0.026998 0.00126517 81.994
0.0153241 0.00443305 85.2732
0.019908 0.00317758 83.8524
0.0150628 0.00377368 85.6678
0.00997395 0.00346287 87.8665
0.000609087 0.00296009 92.0931
-0.0162577 0.00386926 99.537
0.0220529 0.0160228 58.5995
0.0328326 0.018799 52.6679
-0.0128131 0.0416295 28.8478
-0.0148973 0.0541362 26.3588
0.0142685 0.0486133 11.6673
0.0151819 0.0196082 19.0065
-0.03374 0.0204105 47.242
-0.044797 0.0444765 46.3706
0.0772299 0.0578759 -31.6001
0.040968 0.0524915 -7.68295
-0.00151538 0.00976481 75.5266
-0.00172286 0.00892748 75.7652
-0.00205265 0.00811346 76.0044
-0.00222215 0.00777227 76.1049
-0.000972307 0.00849032 75.7943
0.00407259 0.0117439 74.387
0.0219433 0.0212761 69.8061
-0.0224554 0.00708179 87.8117
-0.0183365 0.00917506 86.5918
-0.0190267 0.00829097 87.0273
-0.0262296 0.00729561 88.6226
-0.0179252 0.00696547 86.9801
-0.0102946 0.00704162 85.3384
-0.00594093 0.00490486 84.9578
-0.0126918 0.00429632 86.9144
-0.0273933 0.00527894 90.6322
-0.0257112 0.00524227 90.135
-0.00341976 0.0133706 72.5886
0.0399869 0.00123353 77.3971
0.0249938 0.00451799 81.845
0.0174298 0.00548347 84.1983
0.02031 0.00868953 82.2517
0.0123974 0.00638148 86.045
0.00800509 0.00268802 88.9113
0.00538948 0.00507214 89.3882
0.000526962 0.00964855 90.3361
0.00916067 0.0141117 65.2974
0.030232 0.00951677 56.3612
0.0275041 -0.0440702 39.4616
-0.0025815 0.0878625 10.7747
-0.010076 0.0744434 18.1408
0.00590017 0.0537462 14.9906
-0.0327767 0.0601641 35.7632
-0.00957605 0.0619176 20.7278
0.0469132 0.0663643 -15.1783
0.0280934 0.0582735 -1.19013
-0.00197687 0.00801588 76.0347
-0.00213897 0.00800319 76.0398
-0.00199456 0.00817325 75.9784
-0.000793856 0.00921022 75.5931
0.00250022 0.0137075 73.9945
0.00929404 0.0166428 72.436
0.0371198 0.0210398 68.17
-0.0152275 0.00828097 86.4835
-0.0189701 0.0127971 85.6619
-0.0217568 0.00961649 87.0945
-0.0222781 0.00802958 87.672
-0.0217027 0.0137411 85.819
-0.0123271 0.00742231 85.6865
-0.00843509 0.00526768 85.4529
-0.0136754 0.00206493 87.7908
-0.0258563 0.00829149 89.2602
-0.0343146 0.0216079 87.8545
0.00475382 0.0157885 69.3092
0.0415545 0.011617 73.8743
0.0238449 0.0065996 81.6466
0.0186451 0.0099746 82.4539
0.0164571 0.0056021 84.704
0.0103443 0.00385763 87.6382
0.00822681 0.003786 88.4991
0.00816175 0.00854071 87.1588
-0.0187924 0.0107729 98.7738
0.0303424 0.00707344 57.1969
0.0834441 -0.0128949 36.9589
-0.0225508 -0.00512743 53.9645
-0.0289193 0.140361 10.4189
-0.0380921 0.108047 24.9091
-0.0316539 0.0399783 41.5817
-0.0779111 0.00389752 78.9379
-0.0243282 0.0396568 36.1609
0.0190135 0.0409689 9.66116
0.038762 0.0547379 -6.71999
-0.00147517 0.00656232 76.4746
-0.00154576 0.00747165 76.1851
-0.000926118 0.00859274 75.7993
0.00152516 0.010013 75.2008
0.00732651 0.00992383 74.7871
0.0174717 0.0132445 72.5957
0.0500508 0.0116207 69.5525
-0.0106802 0.0108086 85.0913
-0.0188334 0.0109476 86.2483
-0.026705 0.0124547 87.0711
-0.0198499 0.0155049 84.8576
-0.0196006 0.0141574 85.2456
-0.0189248 0.0116689 85.8663
-0.00902989 0.00502681 85.665
-0.0107733 0.00172589 87.1869
-0.0206454 0.00729752 88.1438
-0.0289183 0.0131634 88.7023
0.00069483 0.0155975 70.7053
0.0359144 0.0108174 76.1377
0.0262509 0.00845253 80.2513
0.0187238 0.0143514 81.1035
0.010426 0.00318806 87.7761
0.0102137 0.00217053 88.1703
0.0109778 0.0045725 87.0916
0.00563757 0.00423089 89.5264
-0.0011093 -0.00157413 94.4953
0.00300475 0.00948038 69.6207
0.00102211 -0.0125384 77.5764
-0.0421839 0.00747039 60.3082
-0.0971364 0.0574707 73.3896
-0.0797391 0.0508378 65.2527
-0.0923508 0.022762 81.55
-0.056987 0.0225286 60.3227
-0.0182708 0.025595 36.5342
0.450419 -0.251867 -150.516
0.450419 -0.251867 -150.516
-3.21049e-05 0.00512178 76.9283
-1.98982e-05 0.00679142 76.3662
0.000701184 0.00862632 75.7188
0.00270314 0.0103969 75.0083
0.00551026 0.0136324 73.7222
0.0103507 0.0134415 73.2555
0.0362579 0.0121187 70.9845
-0.0117152 0.0136311 84.3165
-0.0152516 0.0203672 82.5641
-0.0206191 0.0235491 82.3664
-0.0175324 0.0397484 76.425
-0.0244167 0.0150875 85.9684
-0.0274064 0.0162789 86.2855
-0.0171757 0.00459663 87.778
-0.0106855 0.00198347 87.0366
-0.0131183 0.00720203 85.9832
-0.0170961 0.0160534 84.156
0.00368387 0.013312 70.4686
0.0339202 0.00484034 78.7249
0.0291748 0.00365947 80.7847
0.0152526 0.00649261 84.9457
0.00665926 0.00394604 89.0117
0.0111945 0.00295946 87.5126
0.00990163 0.0021703 88.3434
-0.000101687 0.00368621 92.2983
-0.0152197 -0.0034783 101.54
0.00102934 0.0127576 69.5128
0.00325219 -0.00228977 73.4974
-0.021837 0.0288219 42.6431
-0.0512908 0.116552 29.5885
-0.137141 0.651309 -101.247
-0.0993539 0.0274445 83.9848
-0.0311529 0.0470388 37.6491
0.0271394 0.0428111 3.8151
0.0299498 0.0538093 -1.49855
0.0291512 0.0531871 -0.791916
0.00205536 0.00355093 77.4474
0.00210728 0.00557602 76.7289
0.00260327 0.00783861 75.908
0.00380662 0.00995614 75.088
0.00694991 0.0105817 74.6191
0.0172415 0.0106737 73.5002
0.0429314 0.00881735 71.3712
0.00666259 0.0141954 81.5477
0.0115059 0.0621887 63.8977
0.191226 0.0308399 47.7945
0.0266109 0.00724542 86.637
-0.0304942 0.0232735 92.2278
-0.0892699 0.0330845 101.259
-0.0213876 0.00583386 88.3821
-0.0104196 0.0052113 85.8462
-0.00612635 0.00492782 84.7939
-0.00860583 0.0107436 83.4818
-0.00575569 0.0104792 82.6385
0.0328998 0.00460791 79.1205
0.031705 0.00173694 80.5628
0.0157216 0.000762401 86.7555
0.00706631 0.00325432 89.1103
0.00720169 0.00329261 89.0143
0.00965441 0.00443342 87.6356
-0.00446274 -0.00373566 96.7621
-0.0102471 -0.000638042 98.249
-0.00431966 0.0134173 71.9779
-0.0164068 0.0170124 76.7111
-0.0158565 0.0186407 75.908
0.013316 0.0952698 8.6086
0.00422786 0.174364 -14.3815
-0.140946 0.127803 77.8402
0.0161198 0.0136876 20.9904
0.0291615 0.038211 4.70754
0.0230919 0.0511858 3.7624
0.0243358 0.0532789 2.24531
0.00433644 0.00175983 78.0711
0.00454325 0.00376822 77.318
0.00528536 0.00616462 76.3977
0.00619698 0.00917537 75.2295
0.00674507 0.0123388 74.0126
0.0101572 0.0126597 73.4589
0.0375872 0.00890199 71.9998
0.014615 0.0109883 81.5061
0.043212 0.0302935 70.127
0.109136 0.0186828 67.3824
0.0391933 0.0150383 81.5533
-0.0366258 0.0187648 95.1233
-0.0741037 0.0169417 103.722
-0.0238412 0.0135994 86.1155
-0.0102404 0.0141307 82.4908
-0.00735151 0.0121578 82.4555
-0.00810899 0.0100679 83.5124
-0.0109058 0.0129131 83.2353
0.0403683 -0.0082974 81.3013
0.027737 -0.00444592 84.2155
0.0183669 -0.00294141 87.0847
0.0103363 0.000503878 88.8233
0.00948655 0.00253322 88.385
0.00317768 0.00197694 91.3029
-0.00342193 0.00068413 94.6367
-0.016671 0.00207358 100.254
-0.00218225 0.010672 71.9307
-0.0077804 0.0118811 74.2543
-0.00248009 0.00747744 73.1445
0.051352 0.0458436 5.99564
0.0228016 0.0508576 19.5908
0.151455 -0.00159082 -53.2384
0.0765464 0.0417835 -25.0849
0.0408068 0.0377441 -2.32169
0.0359579 0.0481059 -3.1801
0.0330454 0.0531459 -3.23753
0.00631636 -1.03365e-05 78.7208
0.00670711 0.00161211 78.0769
0.00817921 0.00356615 77.2555
0.0107163 0.00633726 76.0343
0.0129457 0.0109608 74.0834
0.0080667 0.0187724 71.3939
0.0402529 0.0133989 70.0632
0.0127942 0.0172634 79.2632
0.0487597 0.0196545 73.0497
0.101879 0.0372503 61.5763
0.0243051 0.0169469 83.6899
-0.0427595 0.0218846 95.1593
-0.0834059 0.0189085 104.976
-0.0215773 0.0287126 79.8041
-0.0162372 0.0266354 79.2757
-0.0140219 0.023395 79.974
-0.00783806 0.0178091 80.4496
-0.00744095 0.0181733 80.1771
0.0280534 0.0123871 77.611
0.0211715 0.00487155 82.9381
0.0200928 -8.87094e-05 85.3406
0.0119748 -0.00145335 88.9282
0.0136647 -0.000699862 87.9305
0.00595584 0.00199871 90.1522
-0.00688487 0.0109626 92.3159
-0.0331686 -0.000468377 108.784
-0.00666933 0.0103878 74.2237
-0.00819033 0.00729338 76.1543
-0.00176967 0.00501149 73.7207
0.069244 -0.000890268 13.9999
0.0386303 0.0239023 20.8672
0.0263465 0.0240709 27.5239
0.0382929 0.044916 -3.0497
0.0218297 0.0561383 2.56509
0.123678 0.0189038 -32.0836
0.115469 0.0115862 -24.122
0.00778221 -0.00141424 79.2609
0.00824888 -0.000296716 78.7911
0.0100872 0.000958077 78.2036
0.013789 0.00235209 77.423
0.0197947 0.0022604 77.0161
0.0112588 0.00559345 76.3883
0.0334552 0.00655935 73.5671
0.0143258 0.0181912 78.6813
0.181898 0.044247 44.2064
0.100688 0.047434 57.3392
0.023976 0.0176269 83.4384
-0.0312511 0.0155291 95.2402
-0.0878797 0.0251838 103.446
-0.0197323 0.0305888 78.5566
-0.0158682 0.0299616 77.8748
-0.0131907 0.0233688 79.7978
0.0213142 0.174745 23.149
0 0 -1
0.00800766 0.0170727 82.5868
0.0161333 0.0144355 80.9081
0.0149216 0.00164337 86.5904
0.010091 0.000765906 88.7459
0.0129061 0.000799418 87.6003
0.0153468 0.00353798 85.5124
-0.00504783 0.00721295 92.9914
-0.0331404 0.00589555 106.288
-0.00874724 0.00263491 78.2921
-0.0108941 0.00576747 78.0769
-0.0107158 0.00196517 79.4381
0.0870416 -0.000137863 4.18641
0.0417339 0.0263328 18.0739
0.0302229 0.022097 26.0998
0.129733 0.0554075 -49.3658
0.732766 -0.0978847 -358.877
0.11334 0.00503071 -19.9599
0.102724 0.0130607 -16.6373
0.00872175 -0.00234124 79.6328
0.00919398 -0.00168125 79.337
0.0110364 -0.00101078 78.9754
0.0141915 -0.000370082 78.5241
0.0189156 -0.000699078 78.3119
0.00900657 -0.00375471 80.4581
0.0283282 -0.0100392 81.0152
0.0535235 0.0135023 75.3531
0.158958 0.0514427 44.9051
0.109428 0.0438908 56.8413
0.0301947 0.0307707 76.709
-0.0335884 0.0237717 92.2623
-0.0806848 0.0357197 97.3015
-0.0168822 0.0523817 68.6717
-0.0204583 0.0251567 81.0523
0.0847515 0.0642223 50.1338
0.0273439 0.0864254 57.7377
-0.00753278 0.0690118 75.6785
-0.0573601 0.0774099 87.7358
0.0138502 0.0207117 78.8938
0.0118735 0.0122944 83.1842
0.00964633 0.0102784 84.8708
0.0141532 0.0111461 82.6835
0.0156671 0.00877198 83.1633
-0.00389275 0.00753537 92.2256
-0.0172012 0.0080333 98.0108
-0.00727293 0.00119696 78.1253
-0.0157416 0.00458811 80.9561
-0.0330915 0.0123166 86.4684
0.146284 0.0113983 -32.3618
0.0663519 0.0408093 -1.71553
0.0461081 0.0362156 11.2477
0.0203369 -0.0111621 29.7671
0.0441762 0.028386 -1.02325
0.165661 -0.00232893 -49.7688
0.13864 0.0132557 -39.5653
0.00924375 -0.00279836 79.8219
0.00969493 -0.00236025 79.6125
0.0119142 -0.00185545 79.2929
0.0144816 -0.00202896 79.2205
0.0156449 -0.00154592 78.916
0.0100461 0.00261166 77.4589
0.0299849 -0.00762168 79.678
0.138192 0.0508678 48.4457
0.134155 0.235956 -31.6959
0.0894461 0.119307 27.1911
0.0197448 0.0646803 63.7405
-0.0244652 0.0550853 76.579
-0.069263 0.0627339 82.7582
-0.133603 0.0579476 99.9588
0.0369214 0.500638 -140.911
0.0798009 -0.0110984 84.8587
0.0317374 0.048458 72.6446
-0.0182056 0.0403588 91.3091
-0.0289042 0.0372335 95.7608
0.0019057 0.0894672 53.0437
0.0128645 0.0766135 54.6355
0.00962228 0.0598528 63.1624
0.0132547 0.0552799 63.7597
0.0105064 0.0386282 72.2325
-0.00823437 0.0385626 80.5254
-0.0247571 0.0511176 82.5035
-0.0399941 0.307974 -25.2684
0.00102331 0.0181426 66.6818
0.0577771 0.0649719 17.0646
0.0084938 0.412283 -110.198
0.00347167 0.449494 -124.022
0.0159107 0.450677 -131.481
0.0880893 -0.00773483 32.8386
0.0962241 -0.0750872 58.3473
0.0101175 0.443218 -125.057
0.0105505 0.445332 -126.274
0.00963419 -0.00295196 79.8849
0.0100163 -0.00256339 79.6933
0.0117215 -0.00216231 79.4381
0.0150768 -0.00213767 79.2305
0.0250987 0.00728981 74.135
0.0467894 0.0658458 45.1312
0.0314741 0.442998 -125.556
0.746594 0.164488 -88.3074
-0.0185774 0.0753126 65.9647
-0.000329247 0.0889764 56.8364
-0.0165222 0.0631636 71.7306
-0.0163512 0.0591182 73.6346
-0.0234482 0.0810534 64.9438
-0.0068963 0.0881098 57.8863
-0.00540036 0.0418892 79.1175
0.307575 -0.0775208 49.3673
-0.016716 -0.0152725 115.699
-0.0674259 -0.0280337 137.511
-0.0911264 0.079059 90.881
-0.0305262 0.062832 77.6337
-0.00474892 0.071609 64.2039
0.00876952 0.0635078 62.7097
-0.00813189 0.0491886 75.9998
-0.00490248 0.0488061 74.6653
-0.0144626 0.0350238 85.1938
-0.0137861 0.0303077 87.1175
-0.0120012 0.0220808 90.0724
-0.018347 0.00960334 98.8134
-0.0178655 0.422632 -100.309
0.000931263 0.44209 -119.061
0.0134732 0.443866 -126.712
0.00183412 0.453481 -124.46
0.0137637 0.443109 -126.827
0.00301423 0.430153 -114.319
-0.0111714 0.434393 -107.467
0.00693291 0.444538 -123.565
-0.00279195 0.429867 -115.335
-0.00243948 0.428971 -114.914
-0.00147821 0.427697 -114.34
0.000196316 0.425976 -113.609
0.00208818 0.423233 -112.427
0.00192902 0.415932 -108.906
0.013136 0.433139 -118.334
0.0219967 0.429075 -117.468
0.016833 0.0437248 75.1477
-0.0060828 0.0505912 75.4747
-0.0123484 0.0482623 77.6328
-0.0108015 0.0544081 74.3518
-0.0103072 0.0553541 73.7455
-0.00501939 0.060872 69.8409
-0.0102861 0.0540842 74.2296
0.289174 -0.0451934 40.0265
0.000831035 -0.0144607 109.452
-0.0441853 -0.0136443 123.183
-0.09136 0.0842952 88.5345
-0.0501033 0.0605543 85.1287
-0.0193095 0.0190028 94.0646
-0.00432166 0.0288077 83.8295
-0.0153439 0.0286009 88.3816
-0.0145017 0.0197256 92.135
-0.00666835 0.0262004 85.6237
-0.0111924 0.0407098 80.7659
-0.0333704 0.0451581 89.1217
-0.0438158 0.0330355 99.9343
-0.0219938 0.415622 -94.7017
-0.0104215 0.433208 -109.225
0.0188644 0.426075 -121.373
0.0153958 0.432351 -122.301
0.000512245 0.443091 -118.979
-0.00666957 0.433208 -110.043
0.00710621 0.409277 -106.93
0.00446561 0.407818 -104.69
-0.00345162 0.429718 -115.256
-0.00337636 0.428839 -114.823
-0.00269046 0.427655 -114.266
-0.0010521 0.426475 -113.778
0.00257738 0.425693 -113.675
0.0127071 0.42526 -114.428
0.0155862 0.438721 -121.307
0.0257662 0.391277 -99.0709
0.0195228 0.273381 -39.3163
-0.0113525 0.118778 42.6396
0.000296288 0.102649 48.7065
-0.0125237 0.115114 44.9021
-0.0130151 0.140198 32.8638
-0.00595563 0.140923 30.9059
0.0178807 0.180321 5.42733
0.0549987 0.182927 -5.36565
0.049658 0.0522624 61.552
-0.0812662 0.02919 113.262
-0.0587009 0.164465 38.6425
-0.0234422 0.202565 7.38558
-0.0161133 0.363864 -74.9608
-0.0080575 0.393738 -92.8358
0.00286181 0.402903 -101.606
0.00816944 0.39064 -97.58
-0.00565318 0.432848 -112.386
-0.00473689 0.427681 -110.21
0.0109924 0.43168 -119.824
0.0186528 0.414385 -114.775
0.0125207 0.422503 -115.603
-0.0123358 0.43887 -110.827
0.00408743 0.426937 -113.746
0.0122901 0.404008 -106.917
0.00870645 0.42692 -116.005
-0.00716033 0.429399 -107.636
-0.0117264 0.421119 -101.079
-0.0720064 0.367946 -37.1321
-0.00391397 0.429383 -115.086
-0.00387342 0.428448 -114.617
-0.00274488 0.427547 -114.21
0.000355284 0.427896 -114.571
0.00573541 0.431285 -116.696
0.00990854 0.430357 -116.588
-0.00742037 0.40805 -103.374
0.000367867 0.347701 -73.8949
0.00884694 0.320172 -61.2325
-0.0105106 0.237634 -16.3528
0.0039627 0.196439 1.68071
-0.0108001 0.215913 -5.09999
-0.00564427 0.211112 -3.58395
0.00957342 0.235596 -19.6521
0.0183957 0.247752 -27.869
0.0201763 0.251634 -30.2854
0.0368151 0.144971 18.6274
-0.0074171 0.105437 51.997
-0.00373661 0.263937 -29.6822
-0.00852874 0.286937 -39.5149
0.0128841 0.374816 -91.2868
-0.00570218 0.384801 -89.1028
0.00511838 0.398667 -100.38
0.00721256 0.382512 -93.125
0.0161035 0.399628 -105.461
0.00528028 0.429039 -115.469
0.000437045 0.434728 -116.127
0.0151748 0.409771 -110.853
0.0190122 0.39593 -105.714
0.00264084 0.43356 -116.159
-0.00552373 0.422835 -106.41
0.00350979 0.40039 -100.131
0.0112386 0.384932 -96.7336
0.00330662 0.396035 -97.3948
-0.0274267 0.426836 -94.1439
0.0636358 -1.15143 645.861
