-0.0205212 -0.0148769 26.9321
-0.0214329 -0.032422 27.1198
-0.0168902 -0.062793 27.3039
0.00129227 -0.0337727 26.213
-0.000316801 -0.0183273 26.2379
0.00148929 -0.0126764 26.0123
0.00764359 0.00267254 25.3333
0.00399525 -0.025679 25.9452
-0.00435711 -0.00139707 26.5145
0.0058892 -0.00919312 24.9512
-0.00682253 -0.0344775 27.6054
-0.00135853 -0.0363353 26.6
0.0158206 -0.0273226 22.7483
-0.00274937 -0.0386919 27.1997
-0.0291479 -0.046587 33.9285
0.00502219 -0.0604535 25.0939
0.0168208 -0.0325799 21.64
-0.000662246 -0.0262065 26.7366
-0.0140533 -0.0362559 30.5285
-0.00870639 -0.0145204 29.5458
-0.00150443 -0.0980706 27.7666
-0.00437269 -0.0928691 28.9806
0.00526362 -0.057422 24.5174
-0.0138922 -0.0384496 32.4619
-0.00820379 -0.039212 30.1153
-0.02429 -0.0511982 37.4597
0.0192589 -0.0384035 16.7775
-0.00148805 0.00439968 25.9821
0.0316364 -0.00351449 9.31009
0.0229477 -0.0186104 14.1195
-0.000664785 -0.00639332 26.7841
0.00414711 -0.0131197 24.1568
0.00204003 -0.0236937 25.2183
0.0021925 -0.0178102 25.0486
-0.012282 -0.0167516 33.7449
0.0272389 0.011901 8.85391
-0.0210851 -0.0091815 26.8215
-0.0213094 -0.0079732 26.7914
-0.0188626 -0.0343362 26.9668
0.0152632 -0.00127999 24.6812
0.000162336 -0.00836265 25.9377
0.0044581 0.00198592 25.2562
0.0136996 0.0144542 24.1897
-0.011214 0.0151975 27.224
-0.0144925 0.00706588 27.8328
-0.0140279 0.00757541 27.9697
-0.0215989 0.00408381 29.1743
0.0112491 -0.0126632 23.1709
0.00666945 0.00380011 24.3236
-0.0163987 -0.0148717 30.0456
-0.0224996 -0.017614 31.6974
0.00683962 -0.0224976 23.8379
0.00297652 -0.0328591 25.5809
-0.0298127 -0.0358281 35.498
-0.0185341 -0.024295 31.8053
-0.0089349 -0.044673 28.9657
-0.00244024 -0.057027 26.2946
0.0302389 -0.0841556 14.9824
0.024812 -0.0414103 16.4486
-0.0104766 -0.0406467 31.087
-0.0153842 -0.0418307 33.1591
0.0022923 -0.0134495 23.7314
0.0181973 -0.0308311 17.1424
0.00451555 -0.0216442 23.4425
0.0188014 -0.0229453 16.1663
0.0385071 -0.0157331 5.87836
0.0136192 -0.0104777 19.2188
0.00412775 0.00310637 24.0906
-0.019538 -0.00865532 37.9638
0.0053731 -0.00314014 22.8147
0.00487325 0.0027206 22.5739
0.0719978 0.00743337 -19.3735
-0.0204739 -0.00128789 26.5157
-0.0194456 0.00627816 26.1384
-0.0100893 -0.00288141 25.7195
0.0241189 -0.00880882 24.3744
0.0169656 -0.00346041 24.7549
0.0118674 0.00610984 24.5306
0.0129164 0.00893715 25.2278
-0.0137757 0.0112855 28.012
-0.0266127 0.021771 29.7758
-0.0301919 -0.000707411 31.3507
-0.0170968 0.00314493 28.5695
0.0119961 0.00580721 22.383
0.00536666 -0.00338657 24.6027
-0.0125976 -0.00730113 28.7603
-0.0155426 0.00437312 28.7888
0.0209189 0.0115248 18.4993
-0.00842224 0.0171846 26.946
-0.033835 0.033985 34.0047
-0.0246572 0.0273862 31.6745
-0.0293326 -0.00934319 35.2472
-0.0465491 -0.00381642 40.4681
0.051502 -0.025131 3.68023
0.0573921 -0.0291449 2.29631
-0.00477291 -0.00560131 27.8044
-0.00862317 0.00116161 28.9944
-0.0118566 -0.000666109 30.3277
0.0124257 -0.00403205 18.9316
0.00666324 0.000735719 21.376
0.0227753 -0.0120129 14.1797
0.0306356 -0.0120146 9.8949
0.00456641 -0.011859 24.1416
-0.00016301 -0.00939502 26.6791
-0.00545819 -0.00948452 29.6291
0.0071928 0.00388405 21.4138
0.0119222 0.0152524 17.752
0.0459859 0.00921471 -3.18343
-0.0203196 0.00558129 26.1407
-0.0214463 0.0139533 25.5725
-0.00657097 0.0131838 24.3741
0.0145179 -0.00901121 24.8201
0.0279607 -0.0233174 24.7589
0.0157682 -0.019516 25.9144
-0.0174806 -0.0319261 31.2042
-0.0136591 -0.031744 30.1556
-0.0196886 -0.020448 30.7772
-0.0246791 -0.0259088 31.7408
-0.0180617 -0.0298562 30.828
0.00518296 -0.0147956 25.0033
0.00577683 -0.00625592 24.5528
0.00371116 0.0145354 23.559
0.0143608 0.0212234 20.0678
0.0202856 0.0323229 18.3017
0.00583204 0.0120138 23.2833
-0.000345274 0.024892 24.655
-0.0411095 0.00908279 38.6987
-0.0668286 -0.00147226 49.0872
-0.0383188 0.00517793 36.9472
0.0248006 -0.012621 13.7965
0.0702764 -0.013393 -3.66004
0.022625 -0.00512998 16.2644
-0.0271486 0.00132871 36.5216
-0.00833144 0.0122661 27.5447
0.0018355 0.000500652 23.6238
0.00597175 -0.0055557 21.9151
0.0150551 -0.00190782 17.1161
0.0290015 -0.00906723 10.5756
0.0107901 -0.00276762 20.1124
0.00754114 0.0113177 21.2834
-0.0117819 0.0142166 32.127
0.00451832 0.00594812 22.828
0.00791384 0.00722082 20.7494
0.0394713 -0.00334266 1.83415
-0.0167261 0.0144679 25.4669
-0.0114109 0.0288604 24.2084
-0.0128893 0.0147371 25.6014
-0.00337574 0.0179113 24.321
0.00194888 -0.00502217 25.7036
0.0171097 -0.0168684 25.3097
0.00370263 -0.0246154 27.5547
-0.00623398 -0.0128752 27.6592
-0.0153973 -0.0129413 29.1462
-0.0140446 -0.00608912 28.2175
-0.0197572 -0.0221168 30.0948
0.0417274 -0.00614835 15.4733
0.0352755 -0.0208736 18.6999
0.0108029 -0.00013519 23.0189
0.0154688 0.0100923 20.9456
0.00955432 0.00450458 23.1993
-0.00623823 0.00610397 27.4308
-0.0319896 -0.0145145 37.2451
-0.045435 -0.0267489 42.7428
-0.0518835 -0.0191024 44.5703
-0.036884 -0.0259176 39.0765
0.00941385 -0.0139786 20.2975
0.0429433 0.00574725 5.68486
0.0133922 -0.0316493 21.4841
-0.0116877 -0.0065891 30.3393
-0.00424153 -0.00150292 26.6146
0.00261147 0.0021311 23.3673
0.00575438 -0.00748844 22.0845
0.0351925 -0.00447122 6.65791
0.0331208 -0.00502491 7.72016
0.0339214 -0.0113764 7.89457
0.0164833 0.00141101 16.7909
-0.014062 0.00556166 33.9408
0.0103802 0.00300796 19.4298
0.000636542 0.00424085 25.3808
0.00979419 -0.00619055 20.6649
-0.0143848 0.0142881 25.4718
-0.0116495 -0.00207886 27.048
-0.00852522 0.00987997 25.8117
-0.0132814 -0.0234083 28.9371
-0.0127246 -0.0167872 27.9227
0.0141648 -0.012692 25.2002
0.0130444 0.000125215 24.2762
-0.00211586 -0.000315735 26.1134
-0.0225219 0.00366418 28.8595
-0.0213076 0.0047561 28.4408
-0.027448 0.0374819 25.8436
0.0306221 0.0316658 14.0042
0.0411288 0.0116392 14.6255
0.0143287 -0.00361634 22.3942
0.0213932 -0.0140345 21.7128
-0.00258517 -0.0132601 28.5317
-0.0232685 -0.014091 34.302
-0.0311785 -0.0264715 38.254
-0.0408161 -0.00995193 39.633
-0.0669425 -0.0198656 49.4233
-0.0267386 0.00188536 32.3948
0.0370449 0.0282818 5.59468
0.044971 0.0160055 4.09255
0.0112469 0.00266595 19.4665
-0.00205632 0.00900307 24.4776
-0.000765919 -0.00896846 25.7814
-0.00255191 -0.00775874 26.7945
-0.00385511 0.0167595 24.8556
0.0317677 0.000469205 8.05492
0.0408543 0.00776695 2.73367
0.0344124 -0.00259552 6.96782
0.0207457 0.00647646 13.8521
-0.0177619 0.00270939 36.317
0.00388879 -0.000892597 23.7096
0.00608603 0.00251229 22.2536
0.00234775 -0.000228109 24.8289
-0.0214592 0.0162404 25.336
-0.0242282 0.0199923 24.9587
-0.00239951 0.00620946 25.1296
-0.0258956 0.00979575 26.2751
-0.0216902 -0.0260687 29.6185
0.025251 -0.00089248 22.9917
0.0101972 0.00958461 23.5618
-0.00485576 0.00183693 26.2047
-0.00522192 -0.00171001 26.8323
-0.00703001 0.0149713 25.0292
-0.00700496 0.0208133 24.2332
-0.00173876 0.0436048 20.2281
0.0236309 0.044679 14.8865
0.00538439 -0.000521676 24.2822
-0.00887112 -0.00825314 28.7511
-0.000454232 -0.0327952 29.5167
-0.0174265 -0.0186475 32.7351
-0.0221259 -0.0254617 34.9795
-0.0201898 0.0128408 30.0636
-0.0300256 0.0465736 29.6292
-0.0113047 0.0595506 21.6571
0.00615232 0.0728557 13.415
0.028095 0.0451444 8.01696
0.0105659 0.0227497 17.9498
-0.00821322 0.018563 26.3633
0.00101701 0.0002969 24.3549
-0.00540787 0.00370706 27.1184
0.00401327 0.00751668 22.1893
0.0147154 0.0141361 15.5791
0.0363465 0.00431005 5.42285
0.0439794 0.00802701 0.610194
0.00978476 0.0113084 19.7729
-0.0145548 -0.0110029 36.0741
-0.0010984 0.00258629 26.4697
0.00425761 0.0103496 22.5124
0.00182607 0.00673826 24.4476
0.00100464 0.0236025 72.5124
0.00094202 0.0245996 72.377
-0.021962 0.0237683 24.3
-0.0403861 0.014871 26.7794
-0.00475082 0.0921939 62.4292
0.0136093 0.110192 57.9113
-0.00596156 0.104412 60.5301
-0.0122311 0.092768 62.9754
-0.0113093 0.0986621 61.9685
-0.013351 0.10141 61.8749
-0.0122534 0.0903902 63.276
-0.014116 0.0912482 63.4683
-0.0169563 0.0937892 63.6897
-0.0117339 0.100704 61.4719
-0.0256469 0.179592 53.7584
-0.0117956 0.111082 59.8325
-0.012072 0.168749 51.6123
-0.00801215 0.101361 60.0693
-0.0150634 0.0980208 62.8416
0.00349632 0.0306673 20.0297
0.0012041 0.0584764 17.2147
-0.00292923 0.042869 20.8143
-0.000898393 0.0177737 23.2178
-0.00789731 0.00791932 27.5512
-0.0184719 0.0264957 29.8325
-0.0186759 0.0175977 31.0582
0.00468933 -0.00205131 22.8904
0.00511295 0.00732808 21.4428
0.0110259 -0.00829621 20.3445
0.0314844 0.00812398 7.42808
0.0388561 0.00631846 3.78377
0.0159711 0.00422457 17.2453
-0.00624614 0.00796798 28.5631
0.00589186 0.00236853 22.2647
0.0069213 0.003765 21.6983
0.0022112 0.00640233 24.2674
0.00198983 0.0230965 72.5818
0.00113537 0.0249677 72.3184
-0.00122487 0.0318374 71.3496
-0.00299946 0.0568227 67.5973
0.00789642 0.0601458 66.4753
-0.016376 0.0673682 67.4202
-0.011618 0.084439 64.2333
-0.0136678 0.0739896 66.0935
-0.0206297 0.0563702 69.9709
-0.0122442 0.0775587 65.3545
-0.00536106 0.0497658 68.3895
-0.0120727 0.0639184 67.3033
-0.00347014 0.0651636 65.1448
-0.00934331 0.0702757 65.7021
-0.0216809 0.0835463 66.7999
-0.0124629 0.0807983 64.7616
-0.0106871 0.0888492 62.9549
-0.0104762 0.0614442 67.1236
-0.0118989 0.0909218 63.0108
-0.0149326 0.0973635 62.8389
-0.0153772 0.10082 62.4159
-0.0173688 0.113727 61.2942
-0.0112977 0.100951 60.8335
-0.0145604 0.110479 60.7428
-0.0116954 0.0996382 61.1973
-0.0171852 0.102667 63.1484
-0.0223977 0.0823527 68.8163
-0.00386355 0.0492101 65.0757
0.022183 0.00723555 12.2931
0.0414621 0.00904437 1.96471
0.0310237 0.0159275 6.71345
0.0107285 0.0356149 15.0543
-0.00825797 0.0289699 27.0024
-0.00148611 0.00719881 26.168
0.00378032 0.00237736 23.9099
-0.000694491 0.00277204 26.6494
0.00402032 0.0218993 72.7592
0.00451431 0.0233176 72.5058
0.00538833 0.0259575 72.0258
0.00486561 0.0294765 71.4842
0.000501027 0.0199473 73.4979
-0.00836962 0.0213947 74.0111
-0.0138912 0.0293304 73.2168
-0.017993 0.0208935 75.0778
-0.011088 0.0165297 74.8813
-0.0145809 0.0256622 73.9776
-0.0140303 0.020897 74.6489
-0.02136 0.0275823 74.9126
-0.00409138 0.0265028 71.34
-0.00384595 0.0189878 72.5945
-0.012768 0.0272619 73.4292
-0.0143828 0.0355017 72.3666
-0.0131321 0.0262141 73.5751
-0.0105152 0.0157379 74.6599
-0.0175204 0.0470113 71.6558
-0.0203346 0.0486674 72.4272
-0.0150906 0.0460195 70.8706
-0.00853075 0.0506472 67.6966
-0.00995689 0.0407996 69.9111
-0.00812724 0.0391148 69.4372
-0.00889777 0.0395105 69.6642
-0.0161539 0.0387689 73.0737
-0.0318748 0.0416325 80.0963
-0.0603223 0.0371127 94.562
0.038912 -0.00324504 5.42281
0.0405943 -0.00376601 4.35899
0.0354851 0.0101678 5.0549
0.0254797 0.0201089 9.06099
-0.0205352 0.0312178 33.6223
-0.0205278 0.00119514 38.7174
-0.00189779 0.000659503 27.4995
0.0102386 0.00311385 19.5442
0.00470644 0.0200599 73.0909
0.00488392 0.019996 73.1041
0.00389271 0.0191634 73.3145
-4.00036e-05 0.0161973 74.1165
-0.0042795 0.0104075 75.5015
-0.00829597 0.00905849 76.1166
-0.0176509 0.0107091 76.8125
-0.0154593 0.0166899 75.3121
-0.0111304 0.0147224 75.0725
-0.0113157 0.0106348 75.9068
-0.0102431 0.0154475 74.7968
-0.0159357 0.022809 74.5438
-0.0150329 0.0212736 74.6296
-0.00972859 0.0145583 74.676
-0.0132085 0.0181766 74.9042
-0.0164894 0.0145238 76.5234
-0.0143464 0.011365 76.4474
-0.00837189 0.0105036 74.7948
-0.0101674 0.011229 75.2912
-0.0139114 0.0120733 76.4451
-0.0134744 0.0124448 76.1716
-0.00897971 0.0153034 73.9482
-0.0092704 0.0103043 74.9119
-0.00496031 0.00978857 73.1915
-0.00655774 0.0192221 72.1198
-0.0131541 0.020651 74.8216
-0.0425103 0.0264948 87.7923
-0.108757 0.0236943 120.773
0.0193693 0.0225152 10.7117
0.0372514 0.00667673 4.02387
0.0675564 0.0309983 -17.0819
0.0447432 0.0747471 -12.1637
-0.0332513 0.0882395 30.327
-0.0339004 0.0254816 42.1829
-0.00862556 0.014725 28.9952
0.00668387 0.0178088 19.0175
0.00384075 0.0174698 73.6202
0.00352136 0.016289 73.8795
0.0014706 0.014628 74.3147
-0.00284362 0.0130463 74.8889
-0.00688201 0.0154666 74.6545
-0.0103201 0.00986267 76.109
-0.00999966 0.0127839 75.4728
-0.00550466 0.026764 71.9616
-0.0151494 0.028024 73.0372
-0.0136333 0.0247445 73.428
-0.0118872 0.0325387 71.5866
-0.0112956 0.0254491 73.0006
-0.0136868 0.0311933 72.3058
-0.0119907 0.0232448 73.5074
-0.0157158 0.039815 71.0233
-0.0167509 0.0212644 75.1992
-0.0196012 0.0198321 76.3268
-0.0130143 0.0166172 74.9849
-0.0120677 0.00958789 76.196
-0.0162729 -0.00179047 80.0485
-0.00896459 0.00456979 76.0893
-0.0114119 0.0135629 75.1917
-0.0136258 0.00139708 78.4814
-0.00379928 0.00563072 73.5066
-0.00552343 0.0054838 74.3753
-0.0113193 0.00534443 76.9917
-0.0195085 0.0118044 79.6459
-0.0497726 0.0250617 91.6635
0.0161649 0.0338752 9.90036
0.0676276 0.0535143 -21.9055
0.115296 0.128688 -62.9862
0.0799608 0.120882 -41.8844
-0.023156 0.144887 12.621
-0.010825 0.0619761 20.9208
0.0109568 0.0931534 1.03225
0.0423173 0.101997 -20.0049
0.00233071 0.0148497 74.2046
0.00195962 0.0134054 74.5441
0.000416718 0.0120949 74.9049
-0.00233397 0.0119411 75.095
-0.00599239 0.0142124 74.8501
-0.012361 0.0153238 75.1116
-0.00518407 0.0162228 74.1269
-0.00312228 0.0205296 73.0146
-0.0137612 0.0350287 71.4976
-0.0209243 0.00679671 87.8059
-0.0334573 0.0462203 80.8986
-0.0128594 0.042093 69.8181
-0.0113255 0.0120611 84.4404
-0.00685362 0.0058502 84.8352
-0.0152516 0.00866727 86.3795
-0.0278521 0.0106023 89.3721
-0.0189961 0.0271102 74.6651
-0.0172288 0.0171224 76.3181
0.0416641 -0.00595475 77.9508
0.0280899 -6.08098e-05 81.6012
0.0167625 0.0010776 85.377
0.0174741 0.000422039 85.2082
0.0217478 0.000764326 83.4622
0.011557 -0.00298292 88.5691
0.00824119 -0.000443904 89.3997
0.00169488 -0.00537492 93.4959
-0.0198138 0.00843335 80.4706
-0.0522879 0.0117406 95.5476
0.0359065 0.0331204 -0.579969
0.116253 0.0496587 -47.4194
0.124638 0.0777629 -57.1413
0.0457347 0.0742157 -10.6626
0.0403867 0.071179 -7.42947
0.0915126 0.0324519 -35.2722
0.0826443 0.0630756 -36.2169
0.046978 0.10495 -23.5364
0.000882776 0.0127378 74.7137
0.000664792 0.0114863 75.0263
-7.85843e-05 0.0104686 75.3054
-0.00140282 0.0104398 75.3891
-0.00391591 0.0130388 74.9476
-0.00848349 0.0188576 73.887
-0.00104709 0.0227013 72.1523
-0.0140531 0.00842236 86.3188
-0.0117733 0.00812488 85.9989
-0.0164184 0.00573698 87.3284
-0.0254071 0.0103189 87.8037
-0.0160968 0.00646554 86.8208
-0.0142977 0.0071295 86.283
-0.00793721 0.00800236 84.5669
-0.0152226 0.00467295 87.3545
-0.0266611 0.00605259 90.1764
-0.0557863 0.0118661 97.3704
-0.0160582 0.0110257 77.37
0.0485501 0.00422134 73.3545
0.0295002 0.00291766 80.4859
0.0144724 0.00405087 85.5483
0.0160958 0.00228294 85.3128
0.0219045 0.000610339 83.4828
0.0113026 0.00124339 87.7105
0.00486541 0.00158485 90.4375
-0.00363797 0.00102784 94.4416
-0.0117813 0.0112473 75.9647
-0.0141353 0.0175142 75.6525
-0.0793117 0.433785 -35.8745
-0.00190561 0.0740174 9.95333
0.0611599 0.106662 -29.0654
0.0646531 0.0537064 -17.4691
0.0372817 0.0285678 4.10677
0.125196 0.0405611 -58.2554
0.124641 0.0456578 -58.6689
0.0958647 0.0696954 -46.1766
-0.000254572 0.0112409 75.102
-0.000397881 0.0103412 75.3419
-0.000734072 0.00949003 75.5781
-0.00114025 0.00892628 75.7489
-0.00200411 0.0089759 75.8052
-0.00268626 0.011467 75.1872
0.0056157 0.0194839 72.1851
-0.0205074 0.00695617 87.6025
-0.0152516 0.00558859 87.1313
-0.0168024 0.00568799 87.3821
-0.0241142 0.0058682 88.6897
-0.0182064 0.0059259 87.3881
-0.0100637 0.00585077 85.6614
-0.00779331 0.00760301 84.6919
-0.0163428 0.00909805 86.5017
-0.0251276 0.00689258 89.4914
-0.0442683 0.00536245 95.5407
-0.0109509 0.0100752 75.9415
0.0486225 0.00286322 73.5998
0.0371112 0.00279343 77.8122
0.0171482 0.00314718 84.7811
0.0155821 0.00395646 85.0922
0.019023 0.00187154 84.3447
0.010891 0.00268993 87.5339
0.00295193 0.00191951 91.2016
-0.00586618 0.00153135 95.3124
-0.00861556 0.0144437 73.6372
-0.0217169 0.0167783 79.6128
-0.126875 0.151747 65.7889
-0.0163466 0.065013 24.5854
0.00931228 0.0588448 11.9258
0.00947228 0.0116864 24.4891
-0.013634 0.000739709 40.5279
0.0930237 0.0973368 -52.9668
0.0869397 0.0730086 -42.2754
0.117975 0.0510363 -55.7654
-0.000962914 0.0101709 75.3981
-0.00113002 0.00971527 75.5298
-0.00147652 0.0092985 75.659
-0.00151236 0.00893351 75.7578
0.000479813 0.00819194 75.8025
0.00207094 0.0101211 75.0501
0.0183993 0.016246 71.5841
-0.018613 0.00728305 87.2308
-0.0177021 0.00956508 86.4117
-0.0191572 0.00727914 87.356
-0.0253884 0.0068811 88.5976
-0.0171927 0.0084993 86.4239
-0.0104847 0.00604223 85.6759
-0.00762588 0.00346486 85.7666
-0.015956 0.00616107 87.1842
-0.0192639 0.00641991 87.9407
-0.0200396 0.00885944 87.4865
-0.0081766 0.0130079 74.261
0.051731 0.00786574 71.2203
0.030851 0.00505445 79.4519
0.015298 0.00497065 84.9829
0.0173686 0.00510989 84.1171
0.0195054 0.00765317 82.5254
0.0113642 0.00462976 86.8028
0.00242636 0.00467097 90.6986
-0.0124034 0.00647559 96.941
-0.0143712 0.0163982 75.996
-0.0400941 0.00951167 90.6168
-0.0975634 0.0743257 72.6237
-0.0644164 0.153765 25.5374
-0.0253398 0.0738396 26.8845
-0.0131501 0.0489661 27.1688
-0.030327 0.0357763 40.6355
-0.0396705 0.0717634 35.7163
0.0527394 0.0599252 -17.7022
0.0831919 0.059765 -36.2968
-0.00117145 0.00932863 75.6429
-0.00127776 0.00929596 75.6545
-0.00148535 0.00944465 75.6176
-0.00186219 0.0100416 75.4599
-0.00240803 0.0114802 75.0657
0.00510992 0.0110387 74.4594
0.0299709 0.0145193 70.7406
-0.0118163 0.0085656 85.9134
-0.0174888 0.0117024 85.792
-0.021583 0.00935887 87.1364
-0.0204632 0.00849662 87.2019
-0.0205128 0.0145957 85.3598
-0.0125158 0.00745513 85.72
-0.008042 0.00579021 85.2001
-0.0131959 0.00431401 86.9783
-0.0190575 0.00996469 86.7908
-0.0158776 0.00747782 86.6199
0.00327363 0.0132511 70.606
0.050748 0.0176826 68.6214
0.0358161 0.00915553 76.4794
0.0172224 0.00752258 83.5203
0.0210567 0.0129102 80.4855
0.0150017 0.00979483 83.8304
0.00849353 0.00440757 88.1137
0.00556853 0.00274538 89.877
0.000307282 0.0036669 91.9456
-0.00857876 0.0118002 74.5379
-0.00588429 0.0129022 72.8809
-0.107028 0.0530867 83.5919
-0.158753 0.0435941 113.769
-0.178362 0.0986958 105.598
-0.0688859 0.0689029 53.7184
-0.0485145 0.0407892 50.7801
-0.0350371 0.0214333 48.1957
0.030952 0.0526531 -1.71948
0.0601251 0.0476488 -18.2845
-0.000995034 0.00863131 75.8541
-0.000997677 0.00891062 75.7643
-0.000750857 0.00939037 75.601
-6.4889e-05 0.0104638 75.2208
0.00111207 0.0128027 74.3942
0.00397432 0.0117704 74.4019
0.0348047 0.0132684 70.5508
-0.00971177 0.00988705 85.2563
-0.017411 0.0129916 85.4027
-0.0242987 0.0124461 86.6344
-0.0188143 0.0131382 85.4249
-0.0219074 0.0119846 86.4518
-0.0167796 0.0103165 85.7689
-0.00882349 0.00557883 85.4281
-0.0106281 0.00241724 86.9204
-0.0157822 0.0101713 85.8558
-0.015887 0.0118666 85.2962
-0.0055919 0.0181125 71.9969
0.0470499 0.0132403 71.2493
0.026846 0.00732175 80.2167
0.0192512 0.0131836 81.0063
0.0159484 0.00771479 84.0494
0.0105308 0.00232238 87.9186
0.006128 0.00269332 89.6153
0.00297662 0.000882831 91.5754
0.00151288 -0.00239361 93.3173
-0.0133551 0.0107543 77.1218
-0.0333513 0.0193957 84.3331
-0.131761 0.0411179 99.8846
-0.200289 0.0572512 130.76
-0.103097 0.0821669 68.3238
-0.0882766 0.0429894 72.871
-0.0665766 0.0282722 64.6912
-0.0465843 0.0200005 55.1097
0.412092 -0.330973 -101.996
0.411547 -0.331483 -101.498
-0.000540443 0.00805412 76.0357
-0.000478754 0.00856165 75.8625
5.76544e-05 0.00913217 75.6481
0.00111854 0.00993288 75.321
0.00118974 0.013062 74.2839
0.00614266 0.0129443 73.7962
0.0409987 0.0212274 67.2457
-0.00599948 0.0122438 83.9515
-0.00932797 0.0162384 83.0574
-0.0161245 0.0199498 82.8375
-0.0215162 0.0329704 79.4056
-0.0240979 0.0174392 85.1042
-0.0236404 0.0194339 84.3493
-0.0155197 0.00793268 86.2683
-0.00965276 0.00363378 86.2373
-0.00976829 0.00522689 85.7565
-0.00771657 0.0122658 82.7691
-0.00469848 0.0135581 73.2201
0.0438319 0.00435231 75.2786
0.0288788 0.00487111 80.2965
0.0188196 0.0146274 80.7047
0.010559 0.00625732 86.6148
0.00909929 0.00216224 88.5261
0.00617542 0.0036264 89.2925
0.00055107 0.00253204 92.1183
-0.0114108 0.00198341 97.8012
-0.0053278 0.0132142 72.4327
-0.00468598 0.0139012 71.9357
-0.106706 0.108993 64.3365
-0.153739 0.144558 77.087
-0.13171 0.10202 78.0617
-0.0790843 0.0246762 73.3568
-0.0458273 0.048944 45.6518
-0.0255093 0.0373078 37.0421
-0.0185115 0.0655865 23.7186
-0.0185115 0.0655865 23.7186
0.000124506 0.00761919 76.1768
0.000147539 0.00830781 75.9313
0.000553572 0.00908186 75.6392
0.00185334 0.00983414 75.2941
0.00536647 0.0105702 74.7613
0.0130333 0.0127406 73.1839
0.0516575 0.0162201 67.8596
-0.00159513 0.0135586 82.8794
0.0523675 0.0228196 71.275
0.171912 0.0282384 51.8115
0.0420057 -0.00504339 87.9697
-0.0279098 0.0241444 91.3779
-0.0991288 0.0291217 104.695
-0.0218605 0.00842627 87.6474
-0.012434 0.00367359 86.9538
-0.00802388 0.00268992 86.1092
4.29906e-05 0.00665174 82.3568
0.00956442 0.0104723 78.1079
0.0569884 -0.00294493 73.2858
0.0339103 0.00382913 78.8748
0.018847 0.00460935 84.1393
0.00697903 0.00414943 88.7483
0.00772414 0.00290418 88.849
0.00846206 0.000272035 89.4933
-0.00121832 0.00128032 93.333
-0.011559 -0.00297021 99.5518
-0.00189347 0.0149641 70.1984
-0.00780751 0.0151977 73.0171
-0.00799119 0.0065712 76.1421
0.0119692 0.150333 -11.2163
0.0200661 0.0832999 9.29595
-0.0066273 0.114987 5.56827
0.00599424 0.0073968 29.3997
0.000618301 0.0503112 17.55
-0.00601076 0.0710717 14.199
0.277344 -0.128906 -79.0234
0.000973791 0.00736845 76.256
0.00109388 0.00815133 75.9603
0.00165681 0.00928429 75.5154
0.00276221 0.011217 74.7308
0.00631339 0.0135147 73.5862
0.0184126 0.00940907 73.8741
0.0481869 0.0138248 69.3068
0.0127314 0.0069962 83.2386
0.137388 0.0708566 41.5006
0.191476 0.0349875 46.3938
0.0518101 0.0144872 79.3558
-0.00835181 0.0178846 89.6122
-0.0873385 0.0134071 107.846
-0.0280273 0.0102613 88.5414
-0.0174719 0.012051 85.1623
-0.00767252 0.00902668 83.6703
0.00260685 0.00570431 81.9093
0.0265301 -0.00474119 78.385
0.0737018 0.0124645 61.9303
0.036797 0.00116338 78.8111
0.0202141 -0.00229734 86.0929
0.0109712 0.00079968 88.3818
0.00686096 0.00276914 89.2559
0.00453606 0.00457533 89.5902
-0.00247369 0.0068768 91.8621
-0.0299974 0.000533803 106.744
-0.00552414 0.0114574 73.2848
-0.0197063 0.0113025 80.3647
-0.0524583 0.00571047 99.0985
0.0400504 0.0577696 7.57119
0.0242648 0.0354004 24.4636
0.125726 -0.0253465 -29.5191
0.0756151 0.0158504 -15.0119
0.0306651 0.0300316 6.68041
0.022331 0.0628703 -0.46402
0.0247772 0.0637749 -2.32446
0.00178508 0.00751165 76.1894
0.00215138 0.00818259 75.9162
0.00378038 0.00916817 75.4638
0.0072197 0.01116 74.4913
0.0116787 0.0155268 72.4734
0.020616 0.0162593 71.1409
0.0570412 0.0132294 68.6692
0.0665392 0.0243953 69.1477
0.148679 0.0386687 51.5731
0.1645 0.0417263 48.6683
0.0458393 0.026586 75.8396
-0.0304308 0.0116323 96.5628
-0.134119 0.0103729 119.437
-0.0244782 0.0202876 83.8348
-0.0177427 0.0300165 78.3113
-0.0162179 0.0213251 81.2802
-0.00339608 0.0102835 81.9609
0.0124778 0.00507057 79.1587
0.0265862 0.0231806 73.7968
0.0198557 0.00481474 83.3504
0.0225171 0.00114396 83.8574
0.0113971 0.000134034 88.4573
0.0107026 0.001357 88.2121
0.0098518 0.00725925 86.3112
-0.00276095 0.00782918 91.6931
-0.0285972 0.00247239 105.489
-0.00796174 0.00822572 75.7003
-0.0115687 0.00982309 76.9035
-0.0287592 0.0164251 83.0202
0.0385223 0.0248856 20.5213
0.0221753 0.0237027 29.9874
0.00405385 0.0268296 38.8973
0.0393981 0.0406551 -2.42702
0.0365949 0.0378529 0.331957
0.0342228 0.0574173 -5.83042
0.0321441 0.0630851 -6.74236
0.00237641 0.00800765 75.9835
0.00279217 0.0084456 75.7919
0.00464309 0.00868271 75.6174
0.00859219 0.00818497 75.5949
0.0137134 0.00467881 76.6624
0.0169954 0.00375217 76.6162
0.0635707 0.000584671 72.8772
0.0615055 0.0196081 71.7198
0.115102 0.0240755 61.8957
0.14725 0.0419644 51.2016
0.0316902 0.0209221 80.6009
-0.0345726 0.0162208 95.6357
-0.0890247 0.0256542 103.467
-0.015199 0.0377306 74.5797
-0.025034 0.0713774 63.5357
-0.00587322 0.0488396 67.4814
0 0 -1
0 0 -1
-0.00852546 0.0270457 84.1836
0.0170335 0.0147925 80.3549
0.0150545 0.00420142 85.4239
0.0112388 0.00179372 87.8247
0.0122668 0.00251559 87.0915
0.0128386 -0.000294624 88.0731
-0.00960952 -0.000397852 97.9154
-0.0250945 0.00599512 102.32
-0.0095399 0.00240413 78.7888
-0.00646311 0.00277493 77.183
-0.0104802 0.00625698 77.6607
0.0512631 0.0163175 16.9367
0.0403362 0.0232276 20.1382
0.0248711 0.0243747 28.1322
0.0275575 0.0153338 14.6473
0.811195 0.0941512 -486.205
0.0838639 0.0825435 -33.0929
0.0643947 0.0594731 -11.5542
0.00270247 0.00853954 75.7592
0.00286858 0.00880748 75.6393
0.00367492 0.00859935 75.693
0.00523854 0.00677915 76.3774
0.00728831 0.00290404 77.8765
0.00613053 -0.00317372 80.496
0.0553207 -0.00832858 77.4129
0.0860493 0.0390324 60.1809
0.189994 0.0628564 35.0236
0.0721727 0.039597 65.2899
0.0244589 0.0303958 77.9465
-0.0374024 0.0273092 91.5279
-0.074545 0.0310406 97.8371
-0.0189559 0.0682238 62.7218
-0.0961785 0.10628 67.7049
0.0808479 0.0584945 53.6754
0.0261565 0.0857376 58.3772
-0.0184309 0.0734779 77.2003
-0.109085 0.07874 103.846
0.0127003 0.0232168 78.2015
0.0110099 0.0139357 82.7782
0.0101763 0.010553 84.5031
0.0104316 0.0107996 84.3047
0.0132899 0.00652879 84.952
-0.000255361 0.0108307 89.0502
-0.00283685 0.0235904 84.7161
-0.00853935 0.00290259 78.0727
-0.00562414 0.00847611 74.1825
0.00910048 0.00593868 67.7132
0.0656907 0.0139847 10.2845
0.033225 0.0322569 20.2307
0.0326427 0.0336727 19.879
0.0194492 -0.000984104 26.0635
0.0415481 -0.00192655 13.5373
0.0727163 0.0628428 -18.042
0.0495961 0.0557669 -0.660235
0.0029216 0.00886167 75.6184
0.00286021 0.00916061 75.4867
0.00283173 0.00959837 75.2913
0.00185975 0.0089802 75.6166
0.00261021 0.0104054 74.8986
0.00685044 0.00699999 75.9186
0.0515707 0.0296501 60.8015
0.113424 0.0474597 52.3264
0.175047 0.0850845 27.6802
0.0364465 0.099687 44.9597
0.00908671 0.06279 66.528
-0.0440065 0.0500396 82.8336
-0.068404 0.0950858 68.0188
-0.054526 0.231705 2.97832
0.173824 -0.0933535 94.6585
0.111508 -0.0178664 78.754
0.0153306 0.0370999 82.5293
-0.0405297 0.0508282 93.8212
-0.0382311 0.0497318 93.3213
0.00505267 0.0862352 53.3859
0.00266298 0.0677554 62.3135
0.00713842 0.0608294 63.681
0.00748426 0.0538967 66.6489
0.00850907 0.0440477 70.6206
0.00134748 0.0396271 75.7342
-0.0156257 0.0403668 83.1304
-0.0473414 0.122972 60.5649
-0.00400841 0.0218912 67.5555
0.0312184 0.0348754 43.6727
0.0706293 0.375054 -127.086
0.0698273 0.382839 -130.395
0.094618 0.228244 -75.1733
0.0746912 0.039691 20.3709
0.0812023 -0.0652985 64.1494
0.0142364 0.442208 -127.127
0.0191449 0.440194 -129.276
0.00319225 0.00898163 75.5622
0.00320466 0.00931646 75.4077
0.00315446 0.00993774 75.1235
0.00312353 0.0115962 74.3608
0.0051291 0.0223688 69.2865
0.0018197 0.0179291 71.5509
0.0123902 0.00907259 74.4025
0.626448 0.171252 -75.3409
0.0344414 0.0894546 50.9259
-0.00633184 0.0808412 61.5961
-0.0140971 0.0416287 81.3233
-0.0242172 0.0794613 65.743
-0.0128109 0.0646894 70.2252
0.03601 0.060289 60.2126
0.117148 -0.0493872 89.6694
0.22522 -0.095316 80.9887
0.12649 -0.0279445 78.2947
-0.0496634 0.00123788 118.611
-0.0544149 0.0124167 109.074
-0.0204465 0.0590663 75.7356
0.00571893 0.0686192 61.764
-0.00561022 0.0553592 72.1496
-0.00792014 0.0438194 78.3894
-0.0106179 0.0329256 84.4207
-0.00905244 0.0299291 85.1317
-0.0136445 0.0320616 86.268
-0.0175836 0.0408019 84.0001
-0.013839 0.0485169 78.4823
-0.0219106 0.426442 -99.8488
0.00272114 0.450039 -123.944
0.0196524 0.438033 -127.64
0.00404787 0.447174 -122.875
0.0181681 0.399364 -109.047
0.00349223 0.430576 -114.831
0.00628221 0.440342 -121.144
0.0139767 0.449219 -130.138
-0.00262468 0.450037 -125.134
-0.0019414 0.447923 -124.134
-0.000306233 0.444703 -122.651
0.00245528 0.440186 -120.638
0.00659799 0.431956 -116.994
0.0134451 0.400471 -102.529
0.00800809 0.417644 -110.217
0.0507092 0.449952 -131.383
-0.00233283 0.0541668 73.1434
-1.36224e-05 0.0545246 72.5247
-0.0139937 0.0496207 77.2699
-0.0185157 0.0289464 88.0851
-0.0122702 0.0130947 94.3211
0.0177546 0.0252772 81.1359
0.104186 0.00371632 68.7572
0.100532 0.0642468 40.7642
0.0907399 0.00428554 73.2611
-0.0115241 -0.00683783 109.471
-0.0877856 0.043301 105.923
-0.0216673 0.0127015 97.7258
-0.0102271 0.0254106 87.6767
-0.0121856 0.00948898 96.0326
-0.00897974 -0.0046845 101.424
-0.00424781 0.00654377 93.9807
-0.0102334 0.0344189 83.3427
-0.0144104 0.052172 76.8713
-0.0256086 0.0362218 89.6222
-0.0361857 0.106237 61.8681
-0.0223504 0.397687 -85.6945
-0.0140801 0.438804 -109.801
0.0173548 0.435021 -124.886
0.0223431 0.429729 -124.919
-0.0050484 0.439944 -114.223
0.00225422 0.430466 -114.195
0.0161957 0.416106 -115.713
0.0183422 0.424579 -121.19
-0.00428751 0.449906 -125.053
-0.00425772 0.44775 -123.985
-0.00348998 0.444649 -122.479
-0.00159358 0.440882 -120.721
0.00200534 0.436433 -118.79
0.00904619 0.428293 -115.42
0.00462308 0.430536 -115.92
0.0264342 0.40114 -104.163
0.0265333 0.103221 44.2587
-0.00316573 0.107231 46.9912
0.0147424 0.123968 35.2597
-0.000615556 0.252632 -25.6688
-0.0104569 0.285958 -40.0505
0.0227102 0.198889 -4.63809
0.0583164 0.109408 29.6198
0.071888 0.110944 25.8488
0.0468548 0.0702922 53.4756
-0.0593913 0.0939199 73.9481
-0.0323629 0.274635 -25.5883
0.00260057 0.363965 -81.9744
0.00334561 0.409888 -105.124
0.00833844 0.388676 -96.3653
-0.000573822 0.386234 -91.7446
0.000482602 0.421778 -109.818
-0.00993592 0.48431 -136.232
0.00476653 0.45578 -129.07
0.00989357 0.402469 -104.808
0.0207324 0.391439 -104.523
0.0100941 0.423081 -114.661
-0.0089878 0.44639 -116.379
0.00755846 0.434307 -119.166
0.00888809 0.403131 -104.489
0.00981149 0.417283 -111.922
-0.0027299 0.432186 -111.729
-0.0230655 0.412751 -89.6896
-0.0754926 0.422384 -61.8255
-0.0055566 0.449679 -124.928
-0.00578555 0.447266 -123.703
-0.0048485 0.444376 -122.282
-0.0014238 0.442307 -121.438
0.00521179 0.443923 -122.759
0.0109166 0.445547 -124.098
-0.0150632 0.406872 -101.882
2.04597e-05 0.365319 -82.9115
0.00991958 0.2523 -27.1251
0.0072713 0.247823 -24.3762
0.00127081 0.266857 -32.8772
0.00671572 0.299804 -50.565
0.000130812 0.302052 -50.3731
-0.00434949 0.28409 -40.3411
0.0184914 0.182311 4.96807
0.0485348 0.172032 2.09373
0.0019568 0.130232 36.7327
-0.0186122 0.128424 43.8196
-0.0233865 0.255017 -18.504
0.00873989 0.345543 -74.9677
0.00537277 0.38085 -91.405
0.0116383 0.388164 -97.392
0.00219381 0.398756 -98.9395
-0.00167652 0.404747 -100.441
0.0108013 0.42287 -114.848
0.00228081 0.453424 -126.398
-0.00744834 0.434883 -112.385
0.00372291 0.405078 -102.92
0.0238323 0.38956 -105.088
0.0079175 0.433583 -119.052
0.00196389 0.425336 -111.617
-0.00110494 0.412795 -103.563
-0.00298117 0.388256 -89.9979
0.00896525 0.406694 -106.33
-0.0298127 0.442825 -100.435
-0.0474749 0.484857 -110.83
