0.0153306 -0.0289086 26.3854
0.012635 -0.041371 26.6135
-0.0148896 -0.0481576 27.8038
0.00573248 -0.029671 26.2608
-0.00487342 -0.0311769 27.2472
-0.026311 -0.051558 29.4465
0.00872037 -0.0195721 25.2494
0.0011669 -0.021433 26.1944
-0.00585042 -0.018356 27.266
-0.00439218 -0.0302108 26.958
0.00705321 -0.0573474 25.2926
0.00187578 -0.0278158 25.5484
0.00370817 -0.0382841 25.574
0.0160987 -0.0143463 21.84
-0.00250166 -0.00233617 26.1175
0.0182465 -0.0154991 20.4431
0.0171618 -0.0287051 21.1782
-0.00794137 0.00797447 28.0545
-0.0154586 0.0207311 30.7169
-0.015213 5.48818e-05 31.0041
-0.00309724 -0.0468707 27.4148
0.0122765 -0.0339814 21.0833
0.0301082 -0.0157222 13.9169
-0.0116905 -0.015829 31.4977
-0.00485336 -0.0353946 28.7619
-0.000310351 -0.0444344 26.8874
0.00976515 -0.0507492 21.658
-0.00485779 -0.0399202 29.0401
0.00548279 -0.0517877 23.7587
0.0120847 -0.0304138 20.1109
-0.00340797 -0.0154359 28.299
-0.0118795 -0.0113026 33.1972
-0.0153726 0.00545567 34.7299
-0.000467466 -0.0151985 26.4054
-0.0440991 0.0135601 52.1779
-0.026295 0.0306044 40.8749
0.00446075 -0.0202992 26.2609
0.00615525 -0.024052 26.2614
0.0278 0.0018256 24.4611
0.0167059 0.0209117 24.6586
-0.00703875 -0.00851775 26.9346
-0.0105916 -0.0152981 27.4065
0.00468021 -0.000378656 25.5246
-0.000260709 0.00343757 25.9355
-0.0207004 -0.010884 29.266
-0.0109114 -0.00925173 27.3259
0.00195585 -0.0235283 25.5241
0.00406914 -0.0221397 24.8199
0.000803037 -0.0116106 25.5956
0.00220532 -0.00805709 24.9666
-0.0022621 -0.00306554 25.6983
0.0107486 -0.00464486 22.226
0.0126302 -0.00854085 21.9216
0.00227189 0.00790481 24.632
-0.00803991 0.00631831 27.8208
-0.0147512 -0.00994845 30.9694
-0.0147082 -0.0173856 30.5279
0.017855 -0.0259683 18.5579
0.0386005 -0.0244096 10.6199
0.0041319 -0.00993885 24.4821
-0.0028762 -0.00258217 27.5117
-0.0198326 0.00810174 34.7423
-0.00257819 -0.025398 27.4773
-0.00438432 -0.0291735 28.4568
0.00608911 -0.0349546 23.3696
0.0129504 -0.0175403 19.4547
0.00857003 -0.00649928 21.6636
-0.0149559 -0.0111098 35.3005
-0.0173127 -0.00153534 36.1643
0.00233861 0.00905604 24.0797
-0.0108362 0.0168072 31.6007
-0.0221925 0.0286125 38.3767
0.00882397 -0.00474725 25.659
0.0111196 0.0109856 24.8297
0.0286405 0.0242993 23.5735
0.0258201 0.00323793 24.4303
-0.000859679 0.00427173 25.6479
-0.0127818 -0.00779353 27.5786
6.34789e-05 -0.00690143 26.3025
-0.00542593 -0.00830728 26.991
-0.0046598 -0.0149898 27.037
-0.00310411 -0.00730785 26.362
-0.00508876 -0.0104051 26.836
-0.00671244 -0.0135818 27.3967
-0.00369252 -0.0105662 26.8015
-0.00122924 -0.00660886 25.8774
0.000638729 -0.0080327 25.3593
0.0040346 -0.00752495 24.4173
-0.00120943 -0.0126048 26.3643
0.016407 -0.00186273 20.8647
-0.0317537 0.00123468 36.4148
-0.0306154 -0.00790935 36.7966
-0.00371799 -0.0268057 26.6652
0.022015 -0.039422 17.3626
0.0537046 -0.0465323 5.62747
0.00864578 -0.027551 23.8086
-0.00298966 -0.0443838 29.2887
-0.0248197 -0.027398 38.4158
-0.00247168 -0.0118552 26.905
-0.00915978 -0.00931457 29.93
0.00888343 -0.0248587 21.4275
0.0268672 -0.00754873 11.5054
0.0204666 -0.0153894 15.344
-0.00550618 -0.0142209 30.0556
-0.00725765 -0.0045656 30.2283
0.00692432 0.00864962 21.2426
-0.00655403 0.0169072 28.7983
0.00437915 0.0268221 21.4997
0.0262505 -0.000124352 25.3289
0.0284295 0.0110996 24.6042
0.0161673 0.0338464 23.7688
0.000206933 -0.00154199 26.8723
-0.0179769 0.00523264 27.43
-0.00766795 0.00132498 26.7348
-0.00106857 -0.00895583 26.6759
-0.00993467 0.00210255 26.9195
-0.00482039 -0.00653931 26.5987
-0.00785287 -0.00934677 27.199
-0.00187658 -0.0238771 27.0013
0.011605 -0.00440733 22.4687
-0.00546768 -0.00879595 27.0301
0.00101773 0.000952741 24.8554
-0.0103802 0.0131993 26.7153
0.00123356 -0.00287507 24.7719
0.0104708 -0.0189384 23.0254
0.0116633 0.012981 21.2888
-0.00659789 0.00205763 27.4417
-0.0375245 -0.0307104 40.5832
-0.0472313 -0.031222 43.8803
-0.0084865 -0.0253648 28.2883
0.0377686 -0.0443807 11.6989
0.0200998 -0.0342192 19.1671
-0.00108441 -0.0294321 27.9548
-0.0168412 -0.0176263 34.262
0.00202005 -0.0100883 24.7375
0.00165923 -0.00706427 24.4891
0.0204175 0.00651471 14.0722
0.0298842 0.00543922 9.40564
0.00399761 0.000486513 23.568
-0.00818482 -0.00843636 30.9369
0.00443869 -0.0015615 22.9646
0.0251341 0.00714443 10.0889
0.00261057 0.0214585 23.1559
0.00171971 0.0232552 23.501
0.0200124 -0.00903591 26.0741
0.0163522 -0.00946424 26.1496
0.0189414 -0.00367422 25.4777
-0.00209258 -0.0199762 28.3799
-0.00883538 -0.00175606 26.8498
-0.0135173 -0.00964793 27.9669
-0.00408484 -0.00387553 26.4706
0.00127835 0.00824543 24.6536
-0.0115872 0.00188389 26.9884
-0.0344751 0.0113251 29.9354
-0.00913264 -0.0294395 28.4238
0.0446173 0.00365561 13.8685
0.0325848 -0.0118794 18.3965
0.0179712 0.00522118 20.3477
-0.00598013 0.0194006 24.9732
0.00328331 0.0153443 23.06
-0.0146015 0.00582848 28.8431
0.00482666 0.0212713 22.5102
-0.0373262 -0.00212819 38.1912
-0.0630896 -0.0277703 49.3449
-0.028184 -0.0285785 36.0713
0.0261761 -0.0184165 14.2305
0.0475598 -0.0041253 4.74943
0.0110713 -0.00671673 20.502
-0.00599127 -0.0243764 29.4235
-0.0105638 -0.0167021 31.0432
0.0145838 -0.016987 19.1604
0.00848931 -0.00338498 20.7256
0.0212087 5.58532e-05 14.1839
0.0242243 0.00400607 12.3893
0.00679286 0.000567049 21.8461
-0.00386769 0.0188573 26.6005
-0.00200712 0.00613884 25.9824
0.0299475 0.00860436 7.02756
0.0150905 0.013151 15.9959
0.0120686 0.0143054 17.5849
0.0197721 -0.010574 26.1762
0.0210125 -0.012856 26.3569
0.033186 -0.0163839 25.8129
0.0104918 -0.00777994 26.4641
-0.0140213 2.91752e-05 26.9493
-0.00106518 0.00929644 24.8084
0.000108533 0.00749705 24.9127
-0.00498418 0.00228337 25.995
-0.0203014 0.00342428 28.1953
-0.0436578 0.0119919 31.2963
-0.0202899 0.0397955 23.4423
0.0396767 0.0352183 12.3828
0.0351937 0.0268053 14.4664
0.0134052 0.0118173 20.8884
0.0190896 0.0192275 18.4093
0.00549779 0.0296813 21.2426
0.0144516 0.0152591 19.9808
-0.0187043 -0.0124205 33.8352
-0.0522266 -0.00936084 43.9563
-0.0713202 -0.00945538 50.1924
-0.0136598 0.035412 24.2574
0.038936 0.0356164 4.38597
0.0401247 0.0145582 6.41396
0.0111774 -0.00349964 20.3554
-0.00765872 -0.00686858 28.7919
0.00217897 0.00903535 22.9805
0.00296471 0.00852301 22.4867
-0.00553094 0.00850976 26.6146
0.0134971 -0.00279896 18.4298
0.0324773 0.00830595 7.35056
0.0228171 0.00402504 12.7018
0.0146987 0.010213 16.9227
-0.00962612 0.0274289 29.0543
0.0181885 0.0114607 13.9677
0.00477353 0.00318373 23.2857
0.01489 0.00216394 16.9475
0.0227968 -0.00707254 25.7557
0.0222593 0.0100025 23.8005
0.0382437 0.00136144 23.8535
0.00374605 0.0141693 24.5089
-0.00794409 0.0197739 24.5183
-0.011778 0.0161032 25.2262
-0.00437726 0.0190864 24.1311
-0.00858473 0.0068094 25.9441
-0.0094694 0.00588961 26.4435
-0.0179751 0.0428829 23.3973
-0.0144582 0.0592746 20.9533
0.000259801 0.0393095 20.3859
-0.002965 0.0248493 23.077
0.016016 0.00441288 20.9426
0.00866725 0.0187803 20.988
0.00675323 0.011043 23.0183
-0.00519009 -0.0110588 28.7732
-0.0326802 -0.0166365 38.6965
-0.0241904 -0.00732249 34.0624
-0.0187144 0.0427358 26.2139
0.000629023 0.0813182 14.6635
0.00839826 0.0648316 13.6088
0.0189595 0.0371643 12.7555
0.0103308 0.0110363 19.3546
-0.000275152 0.00454978 24.5426
0.00103544 0.0129053 23.3232
-0.00689388 0.012246 26.9059
-0.0031562 0.00596957 25.8058
0.0190218 -0.00229148 15.5784
0.0298234 -0.00552463 10.1846
0.0386328 0.000360033 4.43544
0.02651 -0.00685851 12.1994
-0.0140196 0.00712986 34.1792
-0.00941153 0.00864416 30.9992
-0.0106859 0.0105642 31.8534
0.00730237 -0.00185901 22.106
0.00153319 0.0264271 71.9498
0.00150209 0.0274466 71.8117
0.0341214 0.00804317 23.4928
0.0180954 0.0220707 22.5233
-0.00088113 0.113777 58.8531
0.0147365 0.0892026 60.8701
-0.0106619 0.0980508 62.0429
-0.0106913 0.0921703 62.8871
-0.0109117 0.0943904 62.5515
-0.012933 0.0936055 63.0041
-0.0141871 0.0930332 63.3066
-0.0315205 0.123423 62.5315
-0.0178142 0.0981226 63.3093
-0.0156497 0.103901 61.9541
-0.0069244 0.0705731 64.2105
-0.00320744 0.139064 53.2701
-0.0103238 0.109152 59.6916
-0.00951095 0.111994 59.0264
-0.0677435 0.0800604 82.6808
-0.0141177 0.0100462 28.6509
-0.00620902 0.053567 20.6025
-0.00504569 0.0442141 21.4891
-0.00124081 0.0319932 21.4225
-0.003981 0.00482273 26.2207
-0.0013295 0.00629249 24.7148
0.0105686 0.0179753 18.12
-0.0118232 0.0274547 27.3617
-0.00771909 0.00442648 28.3191
0.0147819 -0.000122881 17.424
0.0295861 -9.82617e-05 9.5217
0.0340653 0.00371569 6.5129
0.0239454 0.00378391 12.2521
0.0110718 0.00874262 18.8747
-0.0103146 0.00676191 31.7037
-0.00609241 0.00267584 29.9907
-0.00135016 0.00105304 27.2101
0.00251952 0.0258134 72.0371
0.00147808 0.027713 71.776
-0.00193723 0.0352536 70.749
-0.00622289 0.0654947 66.3353
0.00956604 0.0700495 64.6734
-0.00793278 0.082533 64.2092
-0.0154996 0.075547 65.9999
-0.0106422 0.0746393 65.6303
-0.0145547 0.0611834 68.3471
-0.00974812 0.072414 65.7711
-0.00483827 0.068892 65.3269
-0.0167667 0.0716461 67.1577
-0.0173086 0.0582438 69.2966
-0.0107591 0.0762463 65.0639
-0.0128317 0.0785919 65.1843
-0.0172657 0.0923808 64.4056
-0.00854367 0.0691824 65.3744
-0.00460902 0.0938323 60.2985
-0.0124351 0.102614 61.3559
-0.021148 0.113696 62.5351
-0.00794963 0.111299 57.9904
-0.00928789 0.0831113 62.9933
-0.00846648 0.0999636 59.8326
-0.0139332 0.108279 60.7926
-0.00867539 0.0787206 63.0989
-0.0214983 0.0916403 66.9863
-0.0187473 0.0909925 65.6635
-0.0208779 0.0306904 76.3694
0.0184398 -0.00440664 16.2427
0.0283327 0.00544448 9.45912
0.0311944 0.0110854 6.87199
0.0143071 0.0049375 17.6671
-0.0057339 0.0097713 28.7131
-0.0136211 0.00530682 33.8297
-0.00973182 -0.00161793 32.8224
-0.00979358 -0.00621703 33.567
0.00453939 0.0242676 72.2726
0.00501232 0.025616 72.0326
0.00567915 0.028475 71.5246
0.00484319 0.033124 70.8074
0.00274354 0.024695 72.4426
-0.00659213 0.0241995 73.3566
-0.0136013 0.0250111 73.9207
-0.0160607 0.0175841 75.4952
-0.012075 0.0139749 75.5675
-0.0148183 0.0197993 75.052
-0.00970105 0.0206083 73.9279
-0.0167272 0.0230544 74.9032
-0.0142639 0.0254504 73.8583
-0.0119572 0.0338451 72.0666
-0.0132289 0.031233 72.8319
-0.011067 0.0332518 71.8976
-0.00903027 0.0200048 73.4041
-0.00790153 0.0266769 71.941
-0.013241 0.0422299 70.9942
-0.0221144 0.0543418 72.1271
-0.0170223 0.0447347 71.9305
-0.0123902 0.0258188 73.461
-0.00168852 0.0456383 65.6918
-0.00571654 0.0569332 65.3867
-0.00779699 0.040533 69.0113
-0.00538896 0.0460774 66.992
-0.0308587 0.032389 81.321
-0.0965932 0.0163121 116.043
0.0404289 0.0026619 3.66399
0.0369322 0.00385515 4.95737
0.0373052 0.0169337 2.52521
0.0289318 0.0253759 5.95322
-0.0138485 0.0090955 33.6383
-0.0104616 -0.00159385 33.0537
-0.0136739 -0.00371437 35.6078
-0.00726048 0.000103496 30.8266
0.00510356 0.021921 72.6982
0.00531449 0.0216816 72.7441
0.0044 0.0207143 72.9775
0.000534262 0.0177899 73.7694
-0.00384592 0.011811 75.2036
-0.00826867 0.00868544 76.18
-0.0159798 0.00872005 77.0011
-0.0150023 0.0123879 76.1325
-0.0116214 0.0117918 75.7278
-0.0119637 0.00950739 76.2571
-0.0135294 0.0120681 76.073
-0.0155337 0.0135821 76.2141
-0.0118689 0.0179253 74.57
-0.00914497 0.0132171 74.8406
-0.0122166 0.013648 75.5471
-0.0144064 0.0156589 75.7532
-0.0168956 0.0142907 76.6416
-0.00930035 0.00987888 75.1894
-0.0104986 0.0108073 75.4375
-0.012416 0.00756071 76.7073
-0.0135449 0.0106792 76.4987
-0.0109513 0.0150208 74.7134
-0.00467281 0.0145907 72.2321
-0.00378837 0.0145847 71.8835
-0.0102563 0.0143826 74.7014
-0.0125804 0.0156346 75.5577
-0.0386213 0.0227791 86.6078
-0.103911 0.0268497 117.758
0.029877 0.00109971 9.28824
0.054443 0.0120629 -6.06635
0.0721813 0.0567025 -24.3966
0.0196157 0.0226767 11.7443
-0.018664 -0.0169823 41.0405
-0.0104735 -0.0030625 33.1935
0.0122917 0.0164574 15.6394
0.0090245 0.0344647 14.3357
0.00403699 0.0186274 73.3706
0.00370765 0.0172534 73.6701
0.00170677 0.0153413 74.1551
-0.00230744 0.013395 74.7864
-0.00508925 0.0135915 74.916
-0.0132922 0.0104163 76.2823
-0.0127059 0.011879 75.934
-0.00695379 0.0189425 73.7258
-0.013357 0.0256415 73.2307
-0.00954147 0.0221097 73.2682
-0.0122296 0.0217723 73.8501
-0.0129868 0.0230472 73.8091
-0.017017 0.0186947 75.6241
-0.0140584 0.0199849 74.6245
-0.0133351 0.0236374 73.7496
-0.0136597 0.0195192 74.7146
-0.0183791 0.0217267 75.5974
-0.0124358 0.0148225 75.179
-0.0103986 0.0141173 74.7002
-0.013451 0.00645394 77.3555
-0.00860512 0.00668179 75.4466
-0.00833195 0.0212497 72.3965
-0.00876804 0.0178874 73.1985
-0.00585285 0.0100123 73.5542
-0.00790689 0.0119368 74.1099
-0.0134693 0.0127319 76.5027
-0.0209286 0.0166793 79.2577
-0.0387485 0.0336925 84.3562
0.0486286 0.0188401 -4.34925
0.0622526 0.0114653 -10.1953
0.125266 0.0651716 -54.8083
0.0188016 0.127856 -8.64378
-0.00939562 0.0333693 25.9712
0.000912175 0.0190879 21.9208
0.0160086 0.0633306 3.81686
0.00679111 0.0724091 8.1866
0.00237471 0.0151792 74.1368
0.00196571 0.0136352 74.4992
0.000462664 0.0122099 74.8833
-0.00195125 0.0119964 75.066
-0.00513338 0.0162276 74.345
-0.013196 0.0149492 75.2839
-0.00506428 0.0167215 73.9524
-0.0050663 0.0242548 72.4206
-0.0137917 0.00809588 86.319
-0.0229703 0.00316287 89.0514
-0.00874235 0.0379456 69.8871
-0.0151166 0.0487895 68.8156
-0.0216063 0.0232975 75.7299
-0.0048347 0.0153436 82.1155
-0.0138945 0.0075717 86.2481
-0.0245402 0.00495209 89.8097
-0.0182716 0.0262796 74.6661
-0.0158679 0.0180031 75.6863
0.0285065 0.0107222 78.8693
0.0264092 0.00591613 80.8758
0.0141511 0.00575482 85.2731
0.0163847 0.00187686 85.2631
0.022085 0.0013129 83.1468
0.0127681 -0.00218958 87.8765
0.0068883 -0.00384205 90.7994
-0.000584644 -0.00163082 93.6991
-0.011557 0.0142956 75.2344
-0.0418071 0.0138714 89.9977
0.0538983 0.0518976 -14.1966
0.104093 0.0391654 -38.3435
0.158118 0.0795042 -75.5895
0.11042 0.0556225 -43.0374
-0.00281987 -0.0305625 41.0021
0.0270266 0.0732551 -5.11968
0.0335621 0.0983579 -14.2929
0.0860556 0.110963 -50.0182
0.000896786 0.0122261 74.8436
0.00063881 0.0109808 75.1551
-0.000172791 0.0100121 75.4247
-0.00168593 0.0101243 75.4845
-0.00423652 0.0141208 74.6985
-0.00889194 0.0169791 74.3799
0.000726161 0.0280274 70.5898
-0.0158806 0.0190033 83.9799
-0.0146853 0.00636936 86.8556
-0.0164604 0.00462424 87.6199
-0.0283639 0.00838771 88.8281
-0.026826 0.0192828 85.8739
-0.0104757 0.0118046 84.2673
-0.00554636 0.00596126 84.5732
-0.0179617 0.00761046 87.3673
-0.0238728 0.0064213 89.2868
-0.0408669 0.00665086 94.2637
-0.0144792 0.0119295 76.6113
0.0297136 0.0120584 78.2797
0.0181917 0.00813533 83.2627
0.0141112 0.00500189 85.4368
0.0174526 0.00393075 84.405
0.0185479 0.00231566 84.418
0.0114711 0.00133544 87.6299
0.00549568 0.000426282 90.4355
-0.000548798 0.00098288 93.0466
-0.0161682 0.0206398 75.8508
-0.0578988 0.0560303 87.503
-0.0172571 0.0462932 29.99
0.0760514 0.0445916 -24.5506
0.132113 0.054208 -56.0313
0.0276988 0.0132438 13.7486
-0.0406644 0.00135061 56.0902
-0.0987819 0.0262351 83.977
0.134909 0.0749649 -71.8019
0.106457 0.0844733 -56.4069
-0.000193512 0.0100495 75.4018
-0.000335648 0.00921424 75.6241
-0.000608898 0.00851579 75.8174
-0.000947322 0.00832069 75.888
-0.0019996 0.00911153 75.7669
0.000383839 0.0121011 74.6924
0.0147179 0.0244095 69.9251
-0.020372 0.00678418 87.6102
-0.0153427 0.00480985 87.3069
-0.0162448 0.00554543 87.3241
-0.0261039 0.00752806 88.5799
-0.0171055 0.00643202 87.0088
-0.00910247 0.00642436 85.2862
-0.00516938 0.00467196 84.8136
-0.0141528 0.00822855 86.2188
-0.0267727 0.00741981 89.8421
-0.0349765 0.00633089 92.591
-0.00203598 0.0106763 72.9373
0.0271001 -0.00277443 82.9096
0.0176068 0.00455244 84.3552
0.0132355 0.00414988 85.9625
0.017541 0.00212517 84.8273
0.018741 0.00169003 84.5196
0.0120935 0.0040835 86.6749
0.00468817 0.00291337 90.1782
-0.00151699 0.00181002 93.289
0.00243115 0.0174724 67.7171
-0.0300581 0.0193899 82.9793
0.00023944 0.0333421 24.3642
-0.0113778 0.0385059 28.8442
0.0136816 0.0420449 13.9253
0.00562151 0.0257746 22.9591
-0.0500053 0.0289175 54.5426
-0.111024 0.0338377 89.1178
0.170506 0.0459794 -87.0337
0.144322 0.0566107 -73.5415
-0.000817894 0.00862891 75.7898
-0.000938709 0.0082849 75.8881
-0.00107518 0.00802579 75.9645
-0.00108072 0.00818495 75.9172
-5.53763e-05 0.00885166 75.6401
0.00868932 0.0112726 74.0552
0.0402465 0.0331455 64.4991
-0.0212791 0.00711269 87.611
-0.0164676 0.0100851 86.0323
-0.0167238 0.00407921 87.8085
-0.0234143 0.00696219 88.2097
-0.0188646 0.0100028 86.3711
-0.0116148 0.00717609 85.623
-0.00587455 0.00527202 84.8305
-0.0109368 0.0047379 86.302
-0.0265618 0.0056845 90.2476
-0.0341502 0.00560459 92.4959
0.00739225 0.0157895 68.5335
0.0281378 -0.000160336 81.8154
0.0204088 0.00304408 83.7704
0.0123985 0.00550732 85.8824
0.0176054 0.00619197 83.6622
0.0204954 0.00910167 81.7679
0.0109117 0.00387151 87.2234
0.00437613 0.00361432 90.1345
-0.00393326 0.00288669 94.1014
-0.0231124 0.0126511 81.3108
-0.0873876 0.0226718 109.891
-0.000217926 0.0586081 17.5342
-0.000331769 0.0781275 12.2404
-0.0128347 0.0761794 19.3067
0.00118422 0.0682366 13.5687
-0.0483596 0.0589211 45.1887
-0.0835059 0.0713964 62.457
0.146659 0.0597774 -75.9161
0.13629 0.0455653 -65.5451
-0.000873954 0.00780311 76.0262
-0.000945407 0.00805846 75.9498
-0.000644961 0.0084856 75.8062
0.000911189 0.00954054 75.3949
0.00504199 0.0130793 74.0226
0.0198249 0.0140908 72.1286
0.105996 0.0559342 50.244
-0.00783533 0.00457607 86.5052
-0.0188575 0.0115889 85.9975
-0.017792 0.0100907 86.2088
-0.0199829 0.00911556 86.9118
-0.0204676 0.0117945 86.1747
-0.0137191 0.00807953 85.8064
-0.00962256 0.00471943 85.9128
-0.014584 0.003305 87.6318
-0.019809 0.00755751 87.7148
-0.0167869 0.00986998 86.1544
-0.00355811 0.0165618 71.7749
0.0342696 0.000702052 79.5593
0.0227556 0.00535324 82.2765
0.0149403 0.00807608 84.1907
0.0241232 0.0129423 79.2096
0.0159391 0.0101622 83.3798
0.00697334 0.0053601 88.4866
0.00321785 0.00226954 91.0417
-0.0032634 0.00412843 93.424
-0.00738022 0.00960375 74.6319
-0.0173183 0.0332457 72.4312
0.0498334 0.0677817 -11.0143
0.025341 0.0634553 3.41094
-0.015127 0.0678779 23.9346
-0.0192043 0.0494293 31.6723
-0.0405399 0.0323127 48.283
-0.0365642 0.0202519 49.7376
0.016382 0.0523149 7.61649
0.0892571 0.0491358 -36.8546
-0.00025653 0.00731384 76.1688
-0.000238548 0.00816176 75.8977
0.0003268 0.00918733 75.5467
0.00198144 0.0104152 75.0596
0.00500593 0.0115067 74.4856
0.0167919 0.0147126 72.1897
0.499038 0.0267061 13.9652
0.040438 0.0129762 77.1365
-0.0100562 0.0158845 83.3248
-0.0221706 0.0202215 83.8412
-0.0191743 0.013601 85.358
-0.0202065 0.0137821 85.5064
-0.0181969 0.0117584 85.7027
-0.0114688 0.00629245 85.8456
-0.0106082 0.00348076 86.5508
-0.0160327 0.00909345 86.248
-0.0146037 0.0127822 84.6002
-0.0161363 0.0133272 76.7995
0.0531362 -0.0113405 76.9881
0.028854 0.00610122 79.9159
0.0193281 0.0121712 81.321
0.0150666 0.00750076 84.437
0.0118022 0.00312753 87.1764
0.0043872 0.00278173 90.378
0.00206969 0.00259769 91.3977
0.00204462 -0.00189963 92.8926
0.00977191 0.0121078 65.583
0.0287363 0.0177735 54.4029
-0.0563915 0.130633 25.0912
0.00406879 0.0702454 11.9847
-0.0115082 0.0552104 25.52
-0.0484563 0.0352464 52.5248
-0.0451878 0.0346252 50.0928
0.0458146 0.0266043 -2.36031
0.496522 -0.148549 -211.974
0.485155 -0.145061 -206.017
0.000915703 0.00681501 76.3195
0.00099021 0.00809209 75.8883
0.00164332 0.00952759 75.3789
0.00345514 0.0109906 74.7809
0.00807253 0.0105948 74.5549
0.0259779 0.0110679 72.5539
0.10654 -0.025109 75.9128
0.0331137 0.0348066 70.8183
0.00147755 0.0256607 78.2428
-0.0168034 0.0299207 79.6984
-0.0219054 0.026912 81.4965
-0.0220291 0.0161323 85.1204
-0.0264848 0.019885 84.8849
-0.0157163 0.0068983 86.6619
-0.00993665 0.00325642 86.4018
-0.00643196 0.00633858 84.3957
0.0191416 0.0290094 69.1638
-0.015413 0.0106245 77.4633
0.130046 -0.0331123 58.3277
0.0454558 0.00160003 75.5745
0.0233242 0.00812474 81.2161
0.010623 0.00544623 86.8692
0.0079697 0.00194536 89.0968
0.00708497 0.0011215 89.7627
0.0010007 0.00208156 92.1015
-0.00378471 -0.00301191 95.9851
0.00285225 0.0134354 68.4484
0.00410311 0.00442492 70.8769
-0.0407867 0.104112 25.6757
-0.0427202 0.114389 22.8779
-0.0202125 0.123461 7.9811
-0.0561717 0.0224148 61.1787
-0.0206514 0.052024 29.913
0.542615 -0.181833 -230.403
0.487701 -0.128361 -213.074
0.48255 -0.138953 -206.322
0.00245791 0.00602528 76.5771
0.00259939 0.00749127 76.0541
0.00339027 0.00903977 75.4736
0.00487332 0.010451 74.8924
0.00501272 0.0113666 74.579
0.013487 0.0107701 73.8551
0.0597019 0.00157474 72.1444
0.0139822 0.024446 76.9107
0.0514593 0.0540435 60.6512
0.176481 0.0357112 48.3549
0.0153681 0.00774583 88.5662
-0.0266824 0.0216627 91.9678
-0.0973258 0.0211028 107.257
-0.028822 0.00878707 89.2245
-0.0137643 0.00443986 86.9832
-0.00466808 0.0046646 84.4333
0.0343308 0.00917057 71.3066
0.1506 0.00137163 38.305
0.164211 -0.00500175 37.2665
0.0558861 0.00157187 71.9353
0.022299 0.00394771 83.0752
0.00755297 0.00339064 88.7861
0.00656924 0.00196255 89.6709
0.00558629 0.00120825 90.3735
0.00118457 0.000900094 92.411
-0.00923806 -6.78843e-05 97.4884
-0.00493856 0.013421 72.223
-0.0143885 0.0124149 77.2431
-0.0057359 0.0198411 70.3333
0.0188138 0.0460709 23.403
0.00924997 0.0930895 12.0753
0.0532921 0.128204 -32.8233
0.0111497 0.00563397 27.119
0.0117828 0.0435338 13.2666
0.0441248 0.0361612 -3.46981
0.0117828 0.0435338 13.2666
0.00412142 0.00469579 77.0433
0.00421698 0.00620834 76.4775
0.00473053 0.00780773 75.8611
0.00577169 0.00928086 75.2522
0.00783229 0.0101677 74.7607
0.0125534 0.0135337 72.9437
0.0480182 0.0101262 70.4524
0.0185309 0.0139383 79.8826
0.0682727 0.0447651 60.8545
0.144907 0.0124589 63.4754
0.069156 -0.00121375 81.9035
-0.0136482 0.0197118 90.0207
-0.0883665 0.0145934 107.603
-0.032456 0.0152714 87.6807
-0.0149963 0.00913118 85.571
-0.00288786 0.00618511 83.3319
0.0580582 -0.00365111 68.8794
0.180115 -0.00589762 32.0598
0.123646 0.00464665 47.5803
0.0425555 0.001152 76.7657
0.023037 -0.00274079 85.1711
0.010983 0.00124236 88.2343
0.00664831 0.0028396 89.3203
0.00878359 0.00335282 88.2439
0.000636826 0.00808729 90.0226
-0.0145291 0.00167812 99.304
-0.00532779 0.0110171 73.3082
-0.00292709 0.012567 71.5648
0.01933 0.00753861 62.0254
0.0380679 0.0295815 19.0652
0.019554 0.0363011 26.7837
0.167832 0.0114063 -67.141
0.0849661 0.0307962 -25.8143
0.0746599 0.0525972 -28.0778
0.0686785 0.0736607 -20.5341
0.0682791 0.0757005 -21.0555
0.00573324 0.00281289 77.7433
0.00590134 0.00418273 77.2037
0.00665462 0.00601637 76.4573
0.00845005 0.00868326 75.31
0.0139279 0.011208 73.8922
0.0112387 0.0166692 71.9154
0.0380001 0.00871713 72.1601
0.0166689 0.0144262 79.9066
0.0512618 0.0253243 70.4586
0.0981461 0.014784 70.9517
0.0174834 0.0157441 85.3822
-0.0529801 0.0175673 98.9315
-0.0906276 0.0133283 108.723
-0.0349758 0.0314534 82.0951
-0.0207861 0.0322969 78.1282
-0.00710349 0.0216422 78.6014
0.00910622 0.0188967 74.9422
0.0663993 -0.0230566 73.6355
0.110649 0.049755 34.7437
0.042766 0.0142418 71.6524
0.0218856 0.00278392 83.4843
0.0110854 0.000699493 88.3753
0.0107344 0.0015513 88.1529
0.0120112 0.00436927 86.5057
-0.00548448 0.00862266 92.6087
-0.0485723 0.00244099 114.595
-0.00613375 0.00997081 74.1109
-0.00522969 0.00778988 74.5182
0.0162529 0.00556859 64.3711
0.0367337 0.0315594 18.9143
0.0264834 0.0246908 27.251
0.0151343 0.0258423 33.0141
0.0930263 0.0420349 -34.5316
0.0743951 0.0641536 -31.9177
0.0889074 0.0674843 -30.7786
0.0791189 0.076564 -28.1823
0.0070812 0.000794215 78.5307
0.00757348 0.00169378 78.1486
0.00941334 0.00320583 77.4572
0.0124302 0.00583005 76.2203
0.0146215 0.00718594 75.5308
0.00750023 0.00534478 76.8636
0.0277933 0.000106523 76.8091
0.0481087 0.0264784 70.6734
0.203359 0.037626 43.4059
0.0848333 0.030282 67.1322
0.0259411 0.0211758 81.6207
-0.0428335 0.0330303 90.5027
-0.123925 0.0370932 106.432
-0.201704 0.157857 71.1939
-0.0568055 0.100683 59.862
-0.0169834 0.0362427 75.6331
0 0 -1
-0.0498629 0.196424 36.2926
0.0271521 0.019429 74.9094
0.0204501 0.0101353 80.9662
0.0197419 0.00436779 83.5978
0.0109289 0.00259686 87.6469
0.00888492 0.00112174 89.0675
0.0109236 0.003296 87.3533
-0.00444267 -0.00260115 96.5566
-0.0270981 0.00542833 103.536
-0.0133044 0.00412711 79.9214
-0.00872994 0.00272674 78.2989
0.0115147 -0.00295499 70.2705
0.0300859 0.0390495 19.3108
0.0182587 0.0246501 31.7481
-0.0191397 0.0187649 55.1955
-0.0191839 0.0250819 51.8477
0.0447786 0.0632317 -2.02718
0.090236 0.0542859 -26.3607
0.108135 0.0607725 -40.1359
0.00775368 -0.000957077 79.2472
0.00846036 -0.000778687 79.1485
0.0110214 -0.00030926 78.8449
0.0134909 0.00106101 78.1386
0.0115626 0.00129623 78.2226
-0.000359045 -0.00198516 80.6537
0.0133809 -0.0229554 88.0559
0.0740097 0.0323075 64.7121
0.132832 0.025843 58.6095
0.135962 0.0343518 56.1148
0.0436539 0.0272775 75.6887
-0.0430366 0.0274685 92.7258
-0.0903242 0.034705 99.7522
-0.0645694 0.136737 46.2799
-0.0075921 0.0571128 64.5453
0.0801074 0.0659935 50.6994
0.000320323 0.0855777 66.0862
-0.00994403 0.0660445 77.714
-0.0355292 0.0901877 75.1929
0.0186119 0.0215906 76.7262
0.013094 0.0123187 82.6932
0.0097295 0.0107474 84.6158
0.00989641 0.00953917 85.0604
0.0109572 0.0124152 83.4806
0.000213181 0.012097 88.297
-0.00851377 0.0166181 90.2869
-0.0108073 0.00183765 79.6698
-0.019586 -0.0056909 87.2869
-0.015727 -0.0150488 89.3709
0.0180803 0.0276475 30.543
0.0130388 0.0233396 35.1789
0.0167827 0.030218 30.1212
0.0142075 0.0344873 13.9427
0.0432688 0.0754504 -20.4856
0.0963469 0.0423618 -25.163
0.103044 0.0468961 -31.2594
0.00770671 -0.00215138 79.7589
0.00839387 -0.00222577 79.7661
0.0124572 -0.00157408 79.2994
0.0137004 -0.000843095 78.9161
0.0141556 0.00663753 75.5481
-0.00343872 0.00782246 76.5506
-0.00512521 -0.0166064 87.3901
0.141877 0.0367443 53.4409
0.18397 0.0544181 39.4528
0.0183185 0.102209 47.0178
0.0285901 0.0552345 66.1237
-0.0314234 0.0555888 77.8415
-0.0556496 0.0832479 70.6181
-0.168672 0.0899538 93.5956
0.482005 -0.000583912 -29.4359
0.0646615 0.00543181 81.7162
0.0263218 0.0492747 73.926
-0.00222012 0.0197288 95.4923
-0.0189 0.045965 88.8344
0.0205046 0.0785148 51.253
0.00232991 0.0614422 65.208
0.00605266 0.0582458 65.2397
0.00879428 0.0518396 66.9907
0.0110005 0.0408555 70.9665
-0.00741092 0.0440118 77.7305
-0.0188818 0.0472963 81.5149
-0.0426782 0.12697 56.4886
-0.0237531 0.00842615 83.2349
-0.0276747 -0.00437028 90.7922
0.010715 0.428599 -118.503
0.0403244 0.405333 -124.126
0.0438181 0.346392 -99.5319
0.0948536 0.0254347 14.9883
0.0644066 -0.0391371 62.0058
-0.0175443 0.444919 -108.323
-0.0129131 0.448362 -112.739
0.00776776 -0.00275965 80.026
0.00849673 -0.0027029 79.972
0.0125636 -0.00231454 79.6184
0.0222315 -0.000746688 78.3254
0.0496732 0.052074 51.7877
0.078726 0.0925276 30.3889
0.0642258 0.425818 -121.052
0.398659 0.06898 6.98632
-0.0229246 0.0651434 71.5297
-0.0180523 0.0707197 68.3646
-0.00129417 0.0850379 58.5671
-0.0155627 0.0648656 70.7284
-0.0324744 0.104797 55.8622
-0.0139006 0.0813459 62.6949
0.0463424 0.0171995 77.0801
0.134443 0.0122791 55.9425
0.0157028 -0.00434516 100.686
-0.0482886 -0.0169858 126.52
-0.0837217 0.093175 81.6634
-0.0173454 0.0684167 70.2233
0.00440876 0.0606235 65.9925
-0.00275772 0.0534129 71.9724
-0.0080775 0.0468375 77.097
-0.0192686 0.0383577 85.7181
-0.0109799 0.0252178 88.2065
-0.0125567 0.029857 86.7736
-0.00859089 0.0437338 78.4597
0.0135955 0.0165773 79.9729
-0.0300501 0.427431 -96.0247
-0.00415092 0.441555 -116.095
0.0302099 0.41944 -124.779
0.0164764 0.409511 -112.472
0.0052618 0.403412 -103.372
0.00716128 0.417654 -110.943
-0.0122457 0.426222 -102.89
-0.00528601 0.443191 -115.154
-0.00658233 0.446781 -123.55
-0.00602381 0.445705 -123.05
-0.00391547 0.443869 -122.256
0.000538822 0.440731 -121.007
0.00849756 0.434031 -118.384
0.0196878 0.425317 -115.287
0.0322984 0.426552 -117.395
0.0572595 0.394266 -105.073
0.0128025 0.0424825 76.1326
-0.00662448 0.0425387 79.3892
-0.011509 0.0514858 75.9191
-0.0065185 0.0414313 79.6401
-0.0136565 0.0440285 79.9911
-0.0164918 0.0550484 75.3665
-0.0181644 0.0276743 88.8483
0.410219 -0.0287318 -2.1064
-0.0214415 -0.00799455 113.068
-0.0435379 -0.00967146 120.998
-0.090707 0.0484991 104.395
-0.0208048 0.0278973 90.2407
-0.0118102 0.0293845 86.3608
-0.00724099 0.0116501 93.1032
-0.0155489 0.023175 91.0191
-0.0226772 0.000455701 104.741
-0.00559977 -0.000435579 97.7189
-0.00381033 0.0374202 78.8872
-0.00600254 0.0331088 81.8787
-0.029995 0.0512064 84.9831
-0.00164962 0.427411 -110.837
-0.00552562 0.437037 -113.546
0.015977 0.423219 -118.356
0.00351435 0.425888 -112.484
-0.00920982 0.441522 -112.813
0.00864372 0.434584 -120.043
0.00604716 0.41011 -106.422
0.00900024 0.420907 -113.566
-0.00740504 0.446581 -123.444
-0.00724619 0.445546 -122.938
-0.00595048 0.443868 -122.162
-0.00286989 0.441235 -121.035
0.0028403 0.436944 -119.339
0.0132211 0.431574 -117.649
0.0113809 0.435515 -119.23
0.0178803 0.400948 -102.955
0.0489857 0.251234 -32.9895
-0.00397714 0.133763 33.9503
-0.0241043 0.120049 44.779
-0.0195635 0.118891 44.597
-0.00651273 0.0978133 52.0043
0.00462632 0.149931 23.7282
0.0345021 0.290591 -53.7198
0.0557849 0.196605 -12.4242
0.0370263 0.0760068 53.5883
-0.0823694 0.0783557 89.1715
-0.0539307 0.204098 17.0626
-0.0391542 0.297068 -34.0988
-0.0194379 0.369408 -76.7574
-0.0031131 0.356623 -76.3605
0.00611921 0.406289 -104.636
0.0155329 0.390158 -100.473
-0.00724664 0.436469 -113.489
-1.74761e-05 0.502775 -149.848
0.0178662 0.491563 -152.735
0.0121333 0.41846 -113.409
0.00263199 0.434457 -116.39
-0.0099627 0.44986 -117.385
-0.00057686 0.424919 -110.145
0.00921288 0.401954 -104.261
0.0147252 0.418078 -115.294
-0.00512135 0.441891 -115.148
-0.0187926 0.41842 -95.0235
-0.0299923 0.388353 -73.253
-0.00793193 0.446222 -123.262
-0.00789198 0.445228 -122.763
-0.0066713 0.443967 -122.178
-0.00355245 0.442667 -121.701
0.00132849 0.441354 -121.396
0.00440497 0.425239 -113.464
-0.00659037 0.41001 -104.48
0.00338329 0.38797 -94.5994
0.0126702 0.330067 -66.61
-0.00315575 0.275799 -36.5032
0.00263692 0.259987 -29.6596
-0.00596325 0.251553 -24.0893
0.000308602 0.250852 -25.0455
0.0162577 0.283918 -45.3995
0.0201882 0.303698 -56.2425
0.0369784 0.236127 -26.8156
0.0105791 0.117064 40.9513
-0.0189088 0.14561 35.4965
-0.0096072 0.292329 -41.7602
0.0159105 0.338116 -73.8114
-0.00599607 0.353031 -73.2724
0.00884993 0.391184 -97.9561
0.00914776 0.402805 -103.97
0.00860197 0.399705 -102.156
0.0104594 0.436396 -121.282
0.0043827 0.471415 -136.318
0.00720836 0.44616 -124.909
0.00337828 0.410354 -105.103
0.015557 0.401896 -106.867
0.00313658 0.430977 -115.012
-0.00215978 0.426884 -110.147
0.009215 0.418228 -112.216
0.00676099 0.404585 -103.893
0.0150443 0.389502 -101.391
-0.000415254 0.420882 -107.619
0.00330429 -0.754388 481.855
