0 1 3
1 2 3
2 3 1
3 5 3
5 6 0
6 7 0
7 8 2
8 9 1
9 10 3
10 11 3
11 12 3
12 13 3
13 14 3
14 15 3
15 16 3
16 17 3
17 18 3
18 19 3
19 20 3
20 21 3
21 22 3
22 23 3
23 24 3
24 25 3
25 26 3
26 27 3
27 28 3
28 29 3
29 30 3
30 31 3
31 32 3
32 33 3
33 34 3
34 35 3
9 44 0
8 44 3
6 42 3
7 43 1
5 41 3
6 41 1
7 42 1
14 50 3
2 38 1
8 43 1
9 45 3
13 50 3
0 36 3
3 38 3
44 45 1
0 37 1
1 37 1
1 38 1
38 39 3
3 39 3
42 43 1
10 46 3
11 47 3
12 48 3
13 49 3
15 51 3
16 52 3
17 53 3
18 54 3
19 55 3
20 56 3
21 57 3
22 58 3
23 59 3
24 60 3
25 61 3
26 62 3
27 63 3
28 64 3
29 65 3
30 66 3
31 67 3
32 68 3
33 69 3
34 70 3
35 71 3
36 37 1
37 38 3
43 44 0
45 46 3
46 47 3
47 48 3
48 49 3
49 50 3
50 51 3
51 52 3
52 53 3
53 54 3
54 55 3
55 56 3
56 57 3
57 58 3
58 59 3
59 60 3
60 61 3
61 62 3
62 63 3
63 64 3
64 65 3
65 66 3
66 67 3
67 68 3
68 69 3
69 70 3
70 71 3
41 42 0
3 76 3
5 76 3
39 76 3
41 76 3
41 78 1
42 78 1
43 78 1
44 81 1
45 81 3
39 75 3
44 80 1
38 75 3
43 80 1
80 81 3
37 74 3
38 74 3
43 79 1
70 107 3
71 107 3
37 73 0
79 80 1
45 82 3
46 82 3
47 82 3
47 83 3
48 84 3
49 85 3
50 86 3
51 87 3
52 88 3
53 89 3
54 90 3
55 91 3
56 92 3
57 93 3
58 94 3
59 95 3
60 96 3
61 97 3
62 98 3
63 99 3
64 100 3
65 101 3
66 102 3
67 103 3
68 104 3
69 105 3
70 106 3
36 72 3
75 76 3
78 114 0
83 84 3
84 85 3
85 86 3
86 87 3
87 88 3
88 89 3
89 90 3
90 91 3
91 92 3
92 93 3
93 94 3
94 95 3
95 96 3
96 97 3
97 98 3
98 99 3
99 100 3
100 101 3
101 102 3
102 103 3
103 104 3
104 105 3
105 106 3
106 107 3
36 73 3
74 75 3
78 79 2
82 83 3
73 144 3
81 82 3
36 144 3
72 144 3
79 115 0
37 144 0
41 113 3
81 117 3
82 117 3
110 144 0
37 110 3
76 113 3
74 110 3
78 113 0
109 110 2
107 143 3
109 144 0
106 143 3
75 112 3
76 112 3
84 120 3
75 111 3
83 120 3
74 111 3
112 113 3
80 115 0
82 118 3
83 119 3
119 120 3
85 121 3
86 122 3
87 123 3
88 124 3
90 126 3
92 128 3
93 129 3
94 130 3
95 131 3
96 132 3
97 133 3
98 134 3
99 135 3
100 136 3
101 137 3
102 138 3
103 139 3
104 140 3
105 141 3
106 142 3
110 111 3
111 112 3
113 114 0
117 118 3
118 119 3
120 121 3
121 122 3
122 123 3
123 124 3
89 124 3
89 126 3
91 126 3
91 128 3
128 129 3
129 130 3
130 131 3
131 132 3
132 133 3
133 134 3
134 135 3
135 136 3
136 137 3
137 138 3
138 139 3
139 140 3
140 141 3
141 142 3
142 143 3
78 115 2
72 108 3
114 115 1
91 127 3
126 127 3
108 144 3
80 152 3
81 152 3
89 125 3
127 128 3
124 125 3
125 126 3
115 152 1
117 152 3
113 149 3
114 149 1
130 167 2
131 167 2
132 167 1
110 145 3
112 148 3
112 149 3
109 145 1
110 146 3
111 146 3
148 149 3
114 150 1
129 165 2
145 146 3
115 151 1
117 153 3
128 164 2
165 167 3
132 168 1
132 169 3
133 169 3
139 175 3
142 178 3
143 178 3
111 147 3
152 153 3
118 154 3
119 155 3
120 156 3
121 157 3
122 158 3
123 159 3
129 164 2
134 170 3
135 171 3
136 172 3
137 173 3
138 174 3
140 175 3
140 176 3
141 177 3
141 178 3
143 179 3
144 145 1
146 147 3
147 148 3
114 151 1
117 154 3
154 155 3
155 156 3
156 157 3
157 158 3
158 159 3
124 159 3
126 162 2
127 162 2
164 165 3
169 170 3
170 171 3
171 172 3
172 173 3
173 174 3
174 175 3
175 176 3
176 177 3
177 178 3
178 179 3
151 152 0
127 164 2
167 168 3
149 150 3
166 167 3
162 164 3
165 166 3
150 151 1
153 154 3
125 161 2
168 169 0
125 162 2
161 162 3
149 185 3
150 186 0
162 163 3
163 164 3
125 160 3
144 180 1
149 186 0
125 159 3
160 161 3
148 185 3
165 201 2
166 201 2
166 202 2
168 205 2
169 205 1
185 186 0
153 189 3
158 194 3
159 194 3
174 210 3
145 180 3
161 196 3
161 197 2
164 201 2
175 210 3
152 188 3
153 190 3
154 190 3
159 196 1
159 160 3
160 196 1
164 200 2
201 202 3
167 202 2
167 203 2
168 203 2
171 207 3
145 181 3
146 182 3
147 183 3
148 184 3
151 188 0
152 189 3
189 190 3
155 191 3
156 192 3
157 193 3
194 196 1
163 199 2
168 204 2
170 206 1
170 207 3
172 208 3
173 209 3
175 211 3
176 212 3
177 213 3
178 214 3
179 215 3
180 216 0
180 181 3
182 183 3
183 184 3
184 185 3
186 222 1
151 187 0
190 191 3
191 192 3
192 193 3
158 193 3
162 197 2
162 199 2
202 203 3
204 205 3
205 206 3
207 208 3
208 209 3
174 209 3
210 211 3
211 212 3
212 213 3
213 214 3
214 215 3
150 187 1
164 199 2
203 204 3
187 188 1
193 194 3
196 197 3
209 210 3
146 181 3
188 189 3
199 200 3
200 201 3
181 182 3
206 207 0
185 222 2
196 232 2
194 231 1
196 231 2
197 232 3
197 199 3
231 232 3
186 187 1
199 234 3
197 234 3
194 230 3
193 230 3
207 243 3
181 216 0
205 241 3
206 241 3
208 243 3
181 218 3
182 218 3
188 225 3
189 225 3
194 266 3
201 237 3
187 223 3
188 224 3
231 266 0
199 235 3
200 235 3
202 237 3
203 239 3
183 218 3
183 219 3
184 220 3
185 220 3
186 223 1
190 225 3
190 226 3
191 227 3
192 228 3
193 229 3
230 266 3
197 233 3
200 237 3
202 239 3
204 240 3
241 242 3
206 242 3
207 242 1
208 244 3
209 245 3
210 246 3
211 247 3
212 248 3
213 249 3
214 250 3
215 251 3
181 217 3
218 219 3
219 220 3
185 221 3
188 223 0
224 225 3
225 226 3
226 227 3
227 228 3
228 229 3
233 234 3
200 236 3
202 238 3
239 240 3
240 241 3
243 244 3
244 245 3
245 246 3
246 247 3
247 248 3
248 249 3
249 250 3
250 251 3
216 217 1
220 221 3
221 222 2
222 223 1
223 224 1
229 230 3
232 233 3
234 235 3
235 236 3
236 237 3
237 238 3
242 243 0
217 218 3
238 239 3
223 259 3
222 258 3
218 254 3
216 252 3
217 254 3
224 297 3
229 265 3
242 278 3
217 252 0
219 255 3
220 255 3
220 256 3
221 256 3
221 257 3
224 259 0
225 261 3
226 262 3
227 263 3
228 264 3
230 265 3
231 267 3
232 268 3
233 269 3
234 270 3
235 271 3
236 272 3
237 273 3
237 274 3
238 274 3
239 274 3
239 275 3
240 276 3
241 277 3
241 278 3
243 278 1
243 279 3
244 280 3
245 281 3
246 282 3
247 283 3
248 284 3
249 285 3
250 286 3
251 287 3
217 253 0
254 255 3
221 258 3
222 259 1
259 296 1
224 296 1
224 261 3
261 262 3
262 263 3
263 264 3
264 265 3
267 268 3
268 269 3
269 270 3
270 271 3
271 272 3
272 273 3
273 274 3
275 276 3
276 277 3
277 278 3
278 279 0
279 280 3
280 281 3
281 282 3
282 283 3
283 284 3
284 285 3
285 286 3
286 287 3
296 297 0
265 266 2
253 254 2
255 256 3
274 275 3
256 257 3
257 258 3
258 259 1
252 253 1
261 297 3
295 296 2
259 295 1
256 292 3
257 293 3
257 294 3
258 294 3
255 291 3
256 291 3
256 293 3
293 294 3
259 294 0
231 303 3
253 289 3
254 289 2
291 292 3
266 302 3
267 303 3
252 288 3
252 289 1
254 290 3
292 293 3
261 298 3
262 298 3
263 299 3
264 300 3
265 301 3
266 303 1
267 304 3
268 304 3
269 305 3
270 306 3
271 307 3
272 308 3
273 309 3
274 310 3
275 311 3
276 312 3
277 313 3
278 314 3
279 315 3
280 316 3
281 317 3
282 318 3
283 319 3
284 320 3
285 321 3
286 322 3
287 323 3
289 290 2
255 290 3
298 299 3
299 300 3
300 301 3
265 302 2
302 303 1
304 305 3
305 306 3
306 307 3
307 308 3
308 309 3
309 310 3
310 311 3
311 312 3
312 313 3
313 314 3
278 315 0
315 316 3
316 317 3
317 318 3
318 319 3
319 320 3
320 321 3
321 322 3
322 323 3
301 302 2
314 315 0
290 291 3
297 298 3
303 304 3
288 289 1
302 338 3
303 338 0
291 328 3
292 328 3
295 331 3
294 295 1
293 329 3
294 329 3
297 333 3
298 333 3
289 325 1
290 325 2
291 327 3
294 330 0
288 325 1
290 327 3
327 328 3
296 333 0
329 330 0
303 339 3
304 339 3
310 346 3
288 324 3
293 328 3
298 334 3
299 335 3
300 336 3
301 337 3
302 337 2
304 340 3
305 341 3
306 342 3
307 343 3
308 344 3
309 344 3
309 345 3
309 346 3
311 347 3
312 348 3
313 349 3
314 350 3
315 351 3
316 352 3
317 353 3
318 354 3
319 355 3
320 356 3
321 357 3
322 358 3
323 359 3
328 329 3
296 331 2
334 335 3
335 336 3
336 337 3
338 339 1
339 340 3
340 341 3
341 342 3
342 343 3
343 344 3
310 347 3
347 348 3
348 349 3
349 350 3
350 351 0
351 352 3
352 353 3
353 354 3
354 355 3
355 356 3
356 357 3
357 358 3
358 359 3
324 325 1
333 334 3
337 338 2
344 345 3
290 326 3
295 330 0
296 367 2
333 367 1
346 347 3
326 327 3
330 331 1
345 346 3
325 326 3
331 367 3
329 366 1
330 366 1
324 360 3
326 362 3
329 365 3
325 362 2
330 367 1
367 368 1
333 368 1
328 364 3
338 374 3
339 374 0
327 362 3
345 382 3
346 382 3
345 381 3
366 367 0
344 381 3
381 382 3
327 364 3
329 364 3
325 360 0
325 361 2
327 363 3
333 369 3
334 370 3
335 371 3
336 372 3
337 373 3
337 374 2
339 375 3
340 376 3
341 377 3
342 378 3
343 379 3
344 380 3
347 383 3
348 384 3
349 385 3
350 386 3
351 387 3
352 388 3
353 389 3
354 390 3
355 391 3
356 392 3
357 393 3
358 394 3
359 395 3
360 361 1
361 362 3
362 363 3
363 364 3
368 369 0
369 370 3
370 371 3
371 372 3
372 373 3
375 376 3
376 377 3
377 378 3
378 379 3
379 380 3
380 381 3
346 383 3
383 384 3
384 385 3
385 386 3
386 387 0
387 388 3
388 389 3
389 390 3
390 391 3
391 392 3
392 393 3
393 394 3
394 395 3
373 374 2
365 366 1
374 375 1
364 365 3
365 401 3
382 383 3
366 401 0
362 399 3
367 403 1
368 403 1
361 398 3
362 398 3
363 399 3
374 410 3
368 404 3
368 405 0
369 405 3
361 396 0
364 399 3
366 402 0
403 404 0
360 396 0
366 403 0
383 419 3
402 403 1
373 409 3
374 409 2
375 410 0
381 418 3
382 418 3
382 419 3
395 431 3
396 397 1
361 397 3
398 399 3
418 419 3
394 431 3
364 400 3
401 402 1
404 405 0
369 406 3
370 406 3
371 407 3
372 408 3
375 411 3
376 411 3
376 412 3
377 413 3
378 414 3
379 415 3
380 416 3
381 417 3
384 420 3
385 421 3
386 422 3
386 458 3
387 423 3
388 424 3
389 425 3
390 426 3
391 427 3
392 428 3
393 429 3
394 429 3
394 430 3
397 398 3
400 401 3
406 407 3
407 408 3
408 409 3
409 410 2
411 412 3
412 413 3
413 414 3
414 415 3
415 416 3
416 417 3
417 418 3
419 420 3
420 421 3
421 422 3
423 458 1
423 424 3
424 425 3
425 426 3
426 427 3
427 428 3
428 429 3
399 400 3
410 411 1
422 458 3
430 431 3
405 406 3
429 430 3
403 439 0
404 439 0
396 432 1
400 437 3
401 437 3
409 446 3
410 446 3
401 438 2
402 439 0
405 442 3
406 442 3
428 465 3
429 465 3
397 433 3
402 438 0
439 440 0
404 440 0
417 453 3
424 460 1
425 460 1
425 462 1
426 462 1
427 462 1
427 463 1
427 464 1
428 464 1
430 465 3
398 433 3
399 435 3
415 452 3
416 452 3
416 453 3
418 453 3
423 459 1
424 459 1
425 461 1
462 463 3
464 465 0
398 434 3
399 436 3
400 436 3
407 443 3
408 444 3
409 445 3
411 448 3
412 448 3
413 449 3
414 450 3
418 454 3
419 455 3
420 456 3
421 457 3
458 459 1
459 460 3
460 461 3
461 462 3
430 466 3
431 467 3
433 434 3
399 434 3
442 443 3
443 444 3
444 445 3
445 446 3
448 449 3
449 450 3
415 450 3
453 454 3
454 455 3
455 456 3
456 457 3
457 458 3
463 464 3
465 466 3
466 467 3
434 435 3
436 437 3
405 440 0
415 451 3
452 453 3
396 433 1
435 436 3
411 447 3
450 451 3
451 452 3
440 442 2
410 447 1
447 448 3
432 433 3
437 438 2
438 439 1
458 495 1
459 495 3
446 481 3
459 496 3
460 496 3
435 471 3
437 473 3
436 471 3
438 473 2
439 475 1
440 475 1
444 480 3
445 480 3
445 481 3
446 482 3
436 472 3
432 468 0
437 472 3
438 475 1
440 477 2
442 477 3
481 482 2
446 483 1
463 499 3
464 499 3
432 469 0
433 469 0
434 470 3
443 480 3
447 483 3
448 483 3
450 486 3
451 486 3
458 494 3
462 498 3
463 498 3
464 501 0
465 501 3
468 469 0
438 474 3
442 478 3
443 479 3
482 483 2
448 484 3
449 485 3
452 489 3
453 489 3
454 490 3
455 491 3
456 492 3
457 493 3
494 495 2
460 497 3
461 497 3
464 500 3
466 502 3
467 503 3
433 470 3
435 470 3
477 478 3
478 479 3
479 480 3
480 481 3
483 484 3
484 485 3
449 486 3
451 488 3
452 488 3
489 490 3
490 491 3
491 492 3
492 493 3
493 494 3
497 498 3
501 502 3
502 503 3
470 471 3
472 473 3
474 475 1
440 476 1
485 486 3
496 497 3
499 500 3
500 501 0
471 472 3
473 474 2
475 476 0
488 489 3
495 496 2
498 499 3
469 470 1
486 488 3
486 523 3
488 523 3
470 506 3
476 477 3
469 506 1
474 510 1
480 516 3
468 504 2
471 508 3
472 508 3
481 516 3
473 510 1
483 519 3
471 507 3
474 511 1
482 519 2
495 531 3
469 505 1
470 507 3
507 508 3
475 511 0
469 504 2
478 514 3
493 529 3
494 529 3
496 532 3
501 537 3
476 511 0
477 513 3
479 514 3
481 517 3
484 520 3
485 521 3
486 522 3
489 525 3
490 526 3
491 527 3
492 528 3
494 530 3
495 532 2
497 533 3
498 534 3
499 535 3
500 535 3
500 536 3
500 537 0
502 538 3
503 539 3
505 506 2
473 509 1
476 513 3
513 514 3
479 515 3
482 517 2
519 520 3
520 521 3
521 522 3
522 523 3
488 524 3
488 525 3
525 526 3
526 527 3
527 528 3
493 528 3
494 531 2
532 533 3
533 534 3
534 535 3
537 538 3
538 539 3
506 507 3
509 510 0
510 511 0
514 515 3
480 515 3
524 525 3
529 530 3
530 531 2
531 532 2
535 536 3
536 537 0
504 505 3
472 509 1
476 512 3
508 509 1
512 513 3
516 517 3
523 524 3
515 516 3
528 529 3
511 512 1
508 545 1
510 546 2
482 518 3
482 555 2
509 545 3
517 518 2
518 555 3
519 555 3
506 542 3
507 542 3
509 546 0
508 544 1
544 545 2
512 549 3
513 549 3
511 547 3
508 543 3
510 547 2
511 548 1
512 548 3
515 552 3
516 552 3
516 553 3
517 553 3
525 561 3
526 561 3
530 566 3
536 573 0
537 573 3
505 542 2
507 543 3
543 544 1
518 553 2
529 566 3
534 570 3
535 570 3
504 540 0
505 541 0
548 549 3
514 550 3
518 590 3
520 557 3
521 557 3
522 558 3
523 559 3
524 560 3
531 567 3
532 567 2
532 568 3
533 569 3
535 572 3
536 572 3
538 574 3
539 575 3
540 541 1
542 543 3
546 547 2
549 550 3
515 550 3
519 556 3
520 556 3
557 558 3
558 559 3
524 559 3
560 561 3
568 569 3
569 570 3
572 573 0
573 574 3
574 575 3
505 650 2
542 650 3
552 553 3
553 590 3
528 565 1
567 568 2
555 556 3
559 560 3
526 562 1
527 562 1
527 563 1
528 563 1
529 565 1
566 567 2
556 557 3
561 562 1
562 563 3
563 565 3
570 572 3
547 548 1
509 582 3
515 587 3
552 587 3
567 603 3
545 582 3
546 582 1
548 584 3
550 587 3
565 566 0
547 584 2
563 600 3
565 600 3
541 650 1
542 579 1
566 603 1
566 602 1
565 602 3
570 607 3
555 591 3
572 607 3
541 577 3
542 578 3
543 579 1
561 597 1
562 597 3
540 577 1
578 650 3
578 579 1
562 599 3
572 609 0
573 609 3
546 583 1
547 583 1
550 586 3
560 596 3
561 596 3
563 599 3
582 583 3
549 586 3
556 591 3
565 601 3
568 603 3
569 605 3
570 605 3
575 611 3
544 581 2
545 581 3
549 585 3
552 588 3
553 589 3
556 592 3
557 593 3
558 594 3
559 595 3
596 597 1
599 600 3
600 601 3
568 604 3
570 606 3
574 610 3
574 611 3
544 579 0
548 585 3
585 586 3
586 587 3
587 588 3
588 589 3
589 590 3
591 592 3
592 593 3
593 594 3
594 595 3
601 602 3
603 604 3
604 605 3
572 644 3
609 610 3
577 650 1
544 580 3
560 595 3
605 606 3
606 607 3
609 644 1
610 611 3
540 576 3
580 581 3
581 582 3
583 584 2
607 644 3
576 577 1
595 596 3
591 626 3
577 613 3
584 585 2
597 599 3
644 645 0
609 645 3
613 650 1
518 591 2
518 626 3
577 649 0
603 639 3
576 649 3
597 633 3
597 634 3
599 634 3
602 603 0
576 612 3
596 633 1
599 635 3
602 638 3
581 617 3
591 627 3
601 638 3
603 638 1
579 615 0
580 617 0
588 624 3
600 636 3
606 642 3
607 643 3
610 646 3
611 647 3
579 614 0
544 615 0
582 619 3
583 619 3
583 620 2
586 622 3
587 624 3
599 636 3
601 636 3
604 639 3
604 640 3
642 643 3
609 646 3
610 647 3
578 614 3
544 652 2
582 618 3
584 621 2
585 621 3
587 623 3
589 624 3
626 627 3
592 628 3
593 629 3
594 629 3
595 631 3
596 632 3
632 633 1
634 635 3
601 637 3
605 640 3
605 641 3
614 650 3
614 615 3
580 652 0
580 616 0
581 618 3
584 620 3
621 622 3
622 623 3
623 624 3
627 628 3
628 629 3
594 630 3
631 632 3
635 636 3
636 637 3
637 638 3
639 640 3
641 642 3
645 646 3
646 647 3
613 649 0
615 652 1
620 621 2
630 631 3
619 620 2
629 630 3
633 634 3
640 641 3
638 639 0
643 644 3
616 617 1
618 619 3
589 625 3
644 680 3
590 625 3
632 669 1
576 684 3
624 625 3
612 684 3
684 720 3
649 684 3
616 652 1
618 653 3
633 669 3
617 653 3
615 651 3
644 681 0
646 683 3
647 683 3
614 651 3
590 626 3
637 673 3
680 681 0
645 681 1
636 673 3
639 675 1
646 681 1
623 659 3
624 659 3
625 663 2
625 626 2
627 629 3
638 674 3
638 675 0
641 677 3
626 663 2
635 672 3
636 672 3
637 674 3
640 677 3
612 648 3
651 652 1
620 656 1
620 657 2
621 657 3
632 668 1
668 669 2
635 671 3
643 680 3
646 682 1
648 684 3
653 654 3
618 654 3
622 657 3
622 658 3
623 658 3
627 663 2
634 671 3
642 678 3
643 679 3
681 682 3
656 657 3
672 673 3
640 676 3
677 678 3
678 679 3
649 650 1
650 651 3
619 655 3
619 656 1
673 674 3
639 676 3
676 677 3
679 680 3
618 655 3
657 658 3
658 659 3
625 660 1
629 663 2
682 683 0
617 652 2
659 660 1
660 695 3
661 663 0
663 698 1
629 664 2
629 665 2
630 665 2
671 672 3
674 675 0
675 676 0
652 724 1
652 653 3
660 661 3
625 661 1
661 698 3
663 664 3
631 665 2
632 665 2
655 656 1
664 665 3
665 668 1
633 671 2
651 687 3
653 724 1
652 687 0
659 695 1
669 705 0
651 686 3
669 706 0
633 706 0
671 706 3
650 686 3
705 706 1
663 699 1
664 699 2
668 705 3
680 716 3
681 716 2
652 688 0
698 699 3
682 719 2
686 687 3
665 703 1
671 743 3
673 709 3
649 685 3
668 703 3
671 708 3
672 708 3
672 709 3
674 710 0
675 712 3
676 712 1
684 685 3
658 694 3
665 702 2
706 743 2
674 709 3
675 710 3
653 690 3
656 692 2
657 694 3
660 696 3
702 703 3
677 713 3
678 714 3
679 716 3
682 718 2
718 719 3
654 690 3
657 692 2
659 694 3
661 696 3
664 700 2
664 701 2
665 701 2
709 745 3
674 745 3
675 711 3
712 713 3
713 714 3
679 715 3
681 718 2
685 721 1
657 693 3
699 700 3
700 701 3
668 704 3
710 711 3
711 712 3
714 715 3
715 716 3
681 717 2
653 689 1
689 690 0
655 692 1
695 696 3
701 702 3
704 705 3
708 709 3
710 745 1
716 717 3
717 718 3
649 686 1
618 691 1
692 693 2
693 694 3
661 697 3
703 704 3
654 691 1
655 691 1
694 695 1
697 698 3
708 743 3
685 686 1
687 688 3
689 724 2
694 730 1
695 730 2
690 691 1
696 697 3
721 757 3
686 721 0
691 692 2
692 729 2
693 729 1
693 730 1
695 732 3
696 732 3
708 744 3
706 742 3
709 744 3
689 691 1
692 728 2
688 724 1
691 726 1
729 730 2
704 740 3
705 742 1
714 751 3
715 751 3
686 722 3
687 723 3
689 726 1
691 727 1
730 731 2
695 731 3
697 732 3
698 734 3
699 735 3
700 737 3
701 737 3
702 738 3
705 740 3
742 743 3
711 747 3
717 753 3
721 722 1
722 723 3
688 723 3
692 727 2
697 733 3
697 734 3
699 734 3
700 735 3
701 738 3
702 739 3
703 739 3
704 739 3
705 741 3
710 747 3
711 748 3
712 748 3
712 749 3
713 749 3
714 750 3
716 752 3
716 753 3
720 756 1
740 741 3
741 742 1
743 744 3
744 745 3
710 746 3
748 749 3
713 750 3
715 752 3
718 753 3
719 755 3
723 724 1
732 733 3
734 735 3
738 739 3
739 740 3
745 781 3
746 747 3
747 748 3
749 750 3
751 752 3
752 753 3
718 754 3
719 754 3
689 725 3
725 726 1
726 727 2
727 728 2
728 729 3
733 734 3
735 737 3
746 781 1
750 751 3
753 754 3
724 725 2
731 732 3
737 738 3
754 755 3
685 720 1
741 778 3
742 778 3
731 767 2
720 721 1
730 767 2
724 760 0
766 767 3
721 758 1
722 758 3
735 772 2
737 772 3
757 758 1
730 766 2
732 767 2
732 768 2
729 766 3
725 761 3
726 762 0
744 780 3
725 762 0
727 762 2
727 763 2
729 765 3
767 768 3
723 759 1
762 763 1
737 773 2
742 779 3
743 779 3
750 786 2
755 791 3
723 758 3
724 759 0
765 766 3
733 768 2
734 770 2
738 773 2
739 775 2
739 776 2
740 776 2
741 777 2
744 779 3
746 782 2
746 783 2
747 783 2
748 784 2
749 785 2
750 785 2
751 786 2
751 787 2
752 788 2
753 789 2
753 790 2
754 790 2
755 790 2
758 759 1
758 795 1
724 761 2
761 762 2
728 763 3
733 770 2
735 770 2
738 774 2
738 775 2
741 776 2
777 778 2
779 780 3
744 781 3
781 782 0
748 783 2
784 785 3
751 788 2
753 788 2
720 793 2
759 795 1
728 765 3
772 773 3
774 775 3
775 776 3
780 781 3
782 783 3
785 786 3
786 787 3
788 789 3
756 793 0
733 769 2
773 774 3
783 784 3
789 790 3
790 791 3
720 757 2
768 769 3
735 771 2
787 788 3
759 760 3
763 764 3
728 764 3
769 770 3
770 771 3
764 765 3
760 761 3
771 772 3
777 813 3
778 813 2
757 793 3
756 792 0
742 814 2
772 808 2
778 814 2
779 814 3
765 802 3
766 802 3
776 777 3
781 817 3
782 817 1
760 796 1
761 796 1
791 827 3
758 794 1
761 797 1
762 797 0
767 804 3
768 804 3
771 808 3
782 818 2
786 822 3
793 829 1
764 801 3
765 801 3
767 802 3
776 812 3
813 814 3
767 803 3
803 804 3
774 810 3
779 815 3
817 818 3
818 819 3
782 819 3
783 819 3
785 822 3
789 825 3
794 795 3
797 798 1
762 798 1
762 799 2
763 799 3
801 802 3
802 803 3
769 805 3
770 805 3
770 806 3
771 807 3
773 810 3
780 815 3
780 816 3
780 817 3
784 820 3
785 820 3
785 821 3
786 823 3
787 823 3
788 825 3
790 825 3
792 793 0
758 793 0
760 795 1
798 799 3
804 805 3
805 806 3
807 808 3
772 809 2
773 809 3
775 810 3
775 811 3
776 811 3
777 812 2
816 817 3
784 819 3
821 822 3
788 823 3
788 824 3
793 794 3
795 796 3
796 797 2
770 807 3
811 812 3
819 820 3
824 825 3
764 799 3
764 800 3
808 809 3
809 810 3
815 816 3
822 823 3
823 824 3
790 827 0
799 800 3
800 801 3
812 813 3
814 815 3
823 859 2
825 863 3
790 863 3
806 807 3
810 811 3
820 821 3
827 863 1
801 838 3
806 842 3
797 832 2
807 842 3
820 857 0
796 832 3
798 834 0
802 838 3
812 848 3
818 854 1
795 831 3
808 843 3
811 847 3
815 850 2
821 857 0
825 862 3
862 863 3
794 830 3
794 831 3
800 836 3
803 839 3
808 844 3
809 844 3
810 846 3
812 847 3
814 849 2
814 850 1
822 858 3
793 830 3
795 832 3
799 836 3
802 839 3
804 839 3
804 840 3
805 840 3
805 841 3
806 841 3
810 847 3
847 848 3
813 849 3
815 851 2
816 853 2
821 858 3
824 859 3
825 861 3
792 828 3
798 835 0
799 835 2
800 838 3
809 845 3
810 845 3
813 848 3
850 851 3
816 851 2
824 860 3
828 864 0
793 828 1
830 866 3
830 831 3
797 834 0
800 837 3
837 838 3
841 842 3
807 843 3
843 844 3
844 845 3
849 850 3
851 852 3
816 852 1
820 856 3
856 857 0
825 860 3
861 862 3
839 840 3
840 841 3
842 843 3
852 853 3
822 859 3
859 860 3
831 867 3
831 832 3
832 834 0
834 835 1
836 837 3
848 849 3
819 856 3
846 847 3
817 853 1
858 859 3
828 829 3
829 830 1
838 839 3
845 846 3
834 871 1
835 836 2
835 871 3
818 853 1
832 867 3
818 855 1
818 856 1
832 869 0
834 869 2
834 870 1
854 855 3
856 892 3
870 871 3
842 878 3
855 856 3
857 858 1
860 861 3
860 896 3
832 868 1
868 869 0
848 884 3
849 884 3
839 875 3
840 877 3
841 877 3
841 878 3
847 884 3
853 854 3
836 872 3
837 872 2
840 875 3
852 888 3
853 888 3
854 890 2
862 898 3
835 872 2
843 879 3
844 879 3
844 880 3
845 880 3
845 881 3
850 886 3
850 887 3
851 887 3
853 890 2
858 894 3
861 896 3
829 865 3
838 875 3
877 878 3
846 882 3
847 882 3
847 883 3
850 884 3
855 890 3
855 891 3
859 894 3
862 897 0
830 865 0
867 868 1
843 878 3
881 882 3
851 888 3
855 892 3
857 894 1
859 896 3
861 897 0
862 934 0
830 867 3
869 870 1
880 881 3
882 883 3
883 884 3
887 888 3
890 891 3
898 934 0
898 899 0
871 872 1
837 873 3
838 873 3
878 879 3
879 880 3
886 887 3
894 896 3
865 866 1
872 873 3
873 875 2
891 892 3
897 934 1
864 900 0
828 865 2
866 867 3
873 910 2
875 877 3
853 925 0
864 865 2
875 910 2
888 925 0
887 924 0
888 924 0
856 894 3
867 903 2
884 886 3
890 925 0
880 917 2
892 929 2
856 929 2
866 903 2
896 931 0
881 917 2
887 923 0
923 924 3
894 929 2
896 897 0
872 908 0
894 930 0
864 901 2
865 901 2
868 903 3
869 905 1
870 905 2
875 911 2
877 911 2
882 919 2
883 919 2
894 931 0
896 932 2
918 919 3
884 919 2
890 926 0
931 932 1
899 934 3
868 904 3
868 905 3
880 916 2
882 918 2
925 926 3
905 906 3
873 909 2
878 914 2
884 920 0
884 921 0
891 927 2
897 932 1
871 907 2
910 911 3
879 915 2
880 915 2
919 920 0
886 921 0
866 902 2
904 905 3
870 906 2
872 907 2
920 921 3
886 923 0
890 927 2
891 928 2
892 928 2
929 930 0
930 931 1
906 907 3
907 908 0
872 909 2
878 915 2
915 916 0
881 918 2
924 925 1
926 927 1
927 928 0
928 929 1
897 933 1
899 935 3
900 901 1
877 913 2
915 951 3
886 922 0
932 933 0
933 934 3
866 901 0
902 903 3
908 909 2
909 910 3
913 914 3
922 923 0
934 935 3
901 902 2
916 917 2
929 966 0
930 966 1
921 922 0
911 913 3
914 915 3
914 951 3
917 918 3
903 939 1
911 948 0
919 955 0
923 959 1
924 959 1
926 962 3
932 968 0
903 938 1
920 955 2
923 958 1
929 965 3
965 966 0
933 968 3
902 938 1
913 949 3
918 954 3
922 958 3
958 959 1
938 939 2
913 948 0
914 949 3
917 954 3
927 965 1
901 937 1
902 937 1
904 906 3
908 944 3
909 945 3
910 945 3
910 947 2
911 947 3
948 949 1
914 950 3
917 953 3
953 954 3
918 955 0
920 957 0
921 957 0
928 965 1
931 966 1
931 967 0
932 967 0
933 970 1
934 970 1
868 939 3
904 941 1
906 941 1
907 944 2
949 950 3
916 953 2
920 956 3
925 962 3
927 962 0
967 968 1
935 971 3
900 936 3
904 940 1
906 942 1
907 943 2
945 946 3
910 946 3
924 960 1
925 960 0
927 963 0
964 965 1
904 939 1
940 941 3
941 942 3
908 945 2
947 948 0
950 951 3
955 956 2
956 957 0
921 958 0
959 960 0
925 961 1
961 962 0
966 967 0
935 970 1
937 938 0
939 940 1
944 945 2
962 963 1
927 964 2
907 942 1
916 952 1
954 955 0
957 958 0
963 964 1
901 936 2
916 951 1
960 961 1
936 937 1
946 947 3
970 971 0
942 943 0
952 953 3
933 969 3
969 970 1
943 944 3
968 969 3
964 1000 0
966 1002 1
948 983 1
962 998 1
967 1002 1
951 952 3
963 998 0
951 987 3
954 990 3
955 990 1
955 991 1
936 973 1
950 987 3
952 987 3
990 991 3
956 991 1
957 993 0
958 993 0
937 973 0
938 974 3
948 984 3
958 994 0
970 1006 0
947 983 3
993 994 1
958 995 1
949 984 0
950 986 3
953 988 0
956 993 0
959 995 3
972 973 1
939 975 1
945 982 3
946 982 3
947 982 3
960 997 0
961 997 0
961 998 2
963 1000 0
969 1005 3
969 1006 3
938 975 1
940 976 3
941 977 3
942 978 2
943 979 1
949 985 0
952 988 3
953 989 0
954 989 0
994 995 1
959 996 0
960 996 0
967 1004 1
968 1004 0
936 972 1
975 976 3
976 977 3
977 978 3
978 979 0
945 981 0
984 985 1
949 986 3
995 996 0
996 997 0
963 999 1
999 1000 0
965 1000 0
965 1001 0
966 1001 0
967 1003 3
968 1005 2
1004 1005 1
1005 1006 3
1006 1007 3
970 1007 0
938 973 2
981 982 1
983 984 0
998 999 1
1003 1004 1
974 975 1
985 986 3
989 990 1
1002 1003 0
973 974 2
956 992 0
992 993 0
997 998 1
1000 1001 0
1001 1002 1
944 979 2
982 983 3
987 988 3
991 992 0
988 989 0
944 1016 1
986 1023 3
1002 1038 0
1003 1038 0
979 1016 1
945 1016 3
950 1023 3
987 1023 3
1001 1038 0
979 1015 1
981 1016 1
972 1008 1
973 1008 1
974 1010 1
999 1035 0
1000 1035 0
979 1014 1
1014 1015 0
1015 1016 2
989 1025 1
998 1035 0
974 1009 3
975 1010 3
978 1014 3
983 1019 3
988 1025 0
996 1033 1
997 1033 1
1000 1036 0
1006 1042 1
973 1009 2
981 1017 1
982 1018 3
988 1024 1
992 1028 1
993 1029 0
994 1029 0
996 1032 1
1009 1010 1
983 1018 2
983 1020 0
985 1022 3
986 1022 3
987 1024 0
990 1026 0
991 1028 3
993 1028 1
994 1030 0
995 1030 0
998 1034 0
1001 1036 2
1001 1037 2
1038 1039 1
1006 1043 3
1007 1043 3
977 1014 3
1016 1017 0
982 1017 0
1018 1019 3
1019 1020 0
984 1021 0
985 1021 0
1024 1025 0
991 1026 0
991 1027 0
1029 1030 2
995 1032 2
998 1033 0
1034 1035 0
1037 1038 0
1003 1039 3
1003 1040 1
1004 1040 3
1005 1040 0
975 1011 3
976 1012 3
977 1013 3
984 1020 1
1023 1024 0
1026 1027 0
1027 1028 1
1028 1029 0
995 1031 0
1033 1034 0
1036 1037 3
1040 1041 1
1005 1041 3
1042 1043 0
1008 1009 0
1010 1011 3
1011 1012 3
1012 1013 3
1013 1014 3
1021 1022 0
990 1025 0
1030 1031 1
1032 1033 0
1039 1040 1
1041 1042 1
1017 1018 1
1031 1032 1
1035 1036 1
