0 1 3
1 2 3
2 3 3
3 4 3
4 5 3
5 6 3
6 7 2
7 8 0
8 9 3
9 10 3
10 11 3
11 12 3
12 13 1
13 14 3
14 15 3
15 16 3
16 17 3
17 18 3
18 19 3
19 20 3
20 21 3
21 57 3
22 57 1
22 23 3
23 24 3
24 25 3
25 26 3
26 27 3
27 28 3
28 29 3
29 30 3
30 31 2
31 32 2
32 33 3
33 34 3
34 35 3
9 45 3
10 45 3
8 45 3
3 39 3
19 56 3
20 56 3
34 70 3
35 70 3
2 38 3
4 39 3
4 41 3
5 41 3
11 48 3
12 48 3
14 50 3
15 50 3
18 56 3
32 68 3
3 38 3
6 42 3
13 50 3
16 50 3
31 67 3
31 68 2
33 70 3
0 36 3
1 37 3
7 43 0
8 44 3
10 46 3
11 47 3
13 49 3
22 58 3
23 59 3
24 60 3
25 61 3
26 62 3
27 63 3
28 64 3
29 65 3
30 66 3
30 67 2
33 69 3
35 71 3
36 37 3
37 38 3
41 42 3
42 43 3
43 44 3
45 46 3
46 47 3
48 49 1
49 50 3
17 50 3
56 57 3
57 58 0
58 59 3
59 60 3
60 61 3
61 62 3
62 63 3
63 64 3
64 65 3
65 66 3
66 67 2
68 69 3
69 70 3
70 71 3
38 39 3
44 45 3
47 48 3
67 68 2
4 76 3
39 76 3
41 76 3
50 86 0
50 51 0
17 52 0
17 53 0
18 53 0
51 52 3
18 90 0
56 90 0
51 86 3
52 53 3
55 56 1
56 92 0
53 90 3
55 90 3
55 92 3
45 81 3
38 75 3
39 75 3
44 81 3
57 92 0
50 85 3
52 88 3
90 91 3
55 91 3
57 93 3
75 76 3
41 77 3
49 85 3
51 88 3
92 93 1
58 93 1
67 103 0
67 104 2
68 104 3
36 72 3
37 73 3
38 74 3
76 77 3
42 78 3
43 80 3
44 80 3
46 82 3
47 83 3
48 84 3
51 87 3
53 89 3
58 94 3
59 95 3
60 96 3
61 97 3
62 98 3
63 99 3
64 100 3
65 101 3
66 102 3
67 102 2
69 105 3
70 106 3
71 107 3
72 73 3
73 74 3
74 75 3
77 78 3
43 78 3
80 81 3
81 82 3
82 83 3
83 84 3
84 85 1
86 87 3
87 88 3
88 89 3
91 92 3
94 95 3
95 96 3
96 97 3
97 98 3
98 99 3
99 100 3
100 101 3
101 102 3
102 103 0
103 104 2
104 105 3
105 106 3
106 107 3
43 79 3
89 90 3
93 94 0
78 79 3
79 80 3
50 121 3
86 121 1
85 121 3
93 129 3
75 110 3
75 111 3
94 129 1
74 110 3
76 111 3
94 130 3
78 114 3
81 117 3
129 130 0
102 138 3
103 138 1
103 139 1
72 108 3
73 109 3
110 111 3
76 112 3
77 112 3
77 113 3
77 114 3
79 114 3
79 116 3
80 116 3
82 117 3
82 118 3
83 119 3
84 120 3
86 122 3
87 123 3
88 124 3
89 125 3
90 126 3
91 127 3
92 128 3
92 129 1
95 131 3
96 132 3
97 133 3
98 134 3
99 135 3
100 136 3
101 137 3
104 140 3
105 141 3
106 142 3
107 143 3
108 109 3
109 110 3
112 113 3
113 114 3
79 115 3
116 117 3
117 118 3
118 119 3
119 120 3
120 121 1
121 122 0
122 123 3
123 124 3
124 125 3
125 126 3
126 127 3
127 128 3
128 129 1
130 131 3
131 132 3
132 133 3
133 134 3
134 135 3
135 136 3
136 137 3
137 138 3
138 139 0
103 140 2
140 141 3
141 142 3
142 143 3
114 115 3
139 140 3
111 112 3
115 116 3
121 158 3
122 158 1
129 166 3
130 166 1
130 167 3
131 167 3
111 147 3
110 147 3
119 155 3
112 147 3
112 149 3
113 149 3
120 155 3
128 165 1
129 165 3
112 148 3
115 151 3
166 167 0
139 175 3
108 144 3
109 145 3
110 146 3
147 148 3
114 150 3
114 151 3
116 152 3
117 153 3
118 154 3
120 156 1
121 157 3
128 164 1
132 168 3
133 169 3
134 170 3
135 171 3
136 172 3
137 173 3
138 174 3
140 175 3
140 176 3
141 177 3
142 178 3
143 179 3
144 145 3
145 146 3
146 147 3
148 149 3
149 150 3
150 151 3
151 152 3
152 153 3
153 154 3
154 155 3
156 157 3
157 158 3
123 159 1
123 160 1
124 160 1
125 160 1
125 161 1
126 162 1
127 162 1
127 163 1
127 164 1
164 165 3
165 166 3
167 168 3
168 169 3
169 170 3
170 171 3
171 172 3
172 173 3
173 174 3
174 175 0
176 177 3
177 178 3
178 179 3
158 159 3
159 160 3
160 161 3
161 162 3
162 163 3
163 164 3
175 176 3
155 156 1
147 183 3
148 183 3
155 191 1
166 202 3
167 202 1
156 191 3
165 202 3
146 182 3
147 182 3
167 203 1
160 196 3
202 203 3
168 203 1
150 187 3
151 187 3
161 196 3
144 180 3
145 181 3
182 183 3
148 184 3
149 184 3
149 185 3
150 186 3
152 188 3
153 189 3
154 190 3
191 192 3
156 192 3
157 193 3
158 194 3
159 195 3
159 196 3
161 197 3
162 198 3
163 199 3
164 200 3
165 201 3
168 204 3
169 205 3
170 205 3
170 206 3
171 207 3
172 208 3
173 209 3
174 210 3
175 211 3
176 212 3
177 213 3
178 214 3
179 214 3
180 181 3
181 182 3
184 185 3
185 186 3
186 187 3
187 188 3
188 189 3
189 190 3
190 191 1
192 193 3
193 194 3
194 195 3
196 197 3
197 198 3
198 199 3
199 200 3
200 201 3
201 202 3
204 205 3
206 207 3
207 208 3
208 209 3
209 210 3
175 210 1
211 212 3
212 213 3
213 214 3
183 184 3
195 196 3
203 204 0
179 215 3
205 206 3
210 211 0
214 215 3
182 219 3
183 219 3
184 219 3
203 239 3
199 235 3
201 238 3
202 238 3
202 239 3
204 239 1
205 241 3
180 216 3
181 217 3
182 218 3
184 220 3
185 221 3
186 222 3
187 222 3
187 223 3
188 224 3
189 225 3
190 226 3
191 227 3
192 228 3
193 229 3
194 230 3
195 231 3
196 232 3
197 233 3
198 234 3
200 235 3
201 237 3
204 240 3
206 241 3
211 247 3
212 248 3
213 249 3
214 250 3
215 250 3
216 217 3
217 218 3
218 219 3
219 220 3
220 221 3
221 222 3
223 224 3
224 225 3
225 226 3
226 227 1
227 228 3
228 229 3
229 230 3
230 231 3
231 232 3
232 233 3
233 234 3
234 235 3
200 236 3
200 237 3
239 240 0
240 241 3
207 243 1
208 244 1
209 244 1
209 282 1
210 282 1
210 247 0
247 248 3
248 249 3
249 250 3
222 223 3
236 237 3
238 239 3
243 244 3
244 282 3
215 251 3
237 238 3
250 251 3
245 282 3
235 236 3
244 245 3
246 282 3
247 282 1
206 242 1
207 242 1
245 246 3
241 242 1
242 243 3
219 255 3
238 274 3
219 254 3
220 255 3
237 274 3
218 254 3
239 275 3
243 279 3
222 258 3
240 275 1
242 279 3
245 281 3
216 252 3
217 253 3
254 255 3
221 257 3
223 258 3
223 259 3
224 260 3
225 261 3
226 262 3
227 263 3
228 264 3
229 265 3
230 266 3
231 267 3
232 268 3
233 269 3
234 270 3
236 272 3
237 273 3
240 276 3
241 277 3
242 277 0
242 278 3
244 279 3
244 280 3
246 281 3
247 284 3
248 284 3
249 285 3
250 286 3
251 286 3
251 287 3
252 253 3
253 254 3
220 257 3
257 258 3
258 259 3
259 260 3
260 261 3
261 262 3
262 263 1
263 264 3
264 265 3
265 266 3
266 267 3
267 268 3
268 269 3
269 270 3
235 270 3
235 271 3
272 273 3
274 275 3
276 277 3
278 279 3
279 280 3
280 281 3
282 354 3
247 283 3
284 285 3
285 286 3
286 287 3
236 271 3
275 276 0
283 354 1
283 284 3
270 271 3
273 274 3
271 272 3
277 278 1
220 292 3
281 282 3
255 292 3
257 292 3
254 291 3
255 291 3
281 317 3
282 317 3
272 308 3
275 311 3
276 311 1
277 313 3
278 313 0
271 308 3
291 292 3
273 309 3
317 318 3
282 318 3
258 294 3
259 294 3
270 307 3
271 307 3
274 309 3
252 288 3
253 289 3
254 290 3
292 293 3
257 293 3
259 295 3
260 296 3
261 297 3
262 298 3
263 299 3
264 300 3
265 301 3
266 302 3
267 303 3
268 304 3
269 304 3
307 308 3
274 310 3
276 312 3
278 314 3
279 315 3
280 316 3
283 319 3
284 320 3
285 321 3
286 321 3
286 322 3
287 323 3
288 289 3
289 290 3
290 291 3
293 294 3
294 295 3
295 296 3
296 297 3
297 298 3
298 299 1
299 300 3
300 301 3
301 302 3
302 303 3
303 304 3
308 309 3
310 311 3
312 313 3
313 314 1
314 315 3
315 316 3
316 317 3
319 354 1
319 320 3
320 321 3
321 322 3
322 323 3
311 312 0
318 354 3
269 305 3
309 310 3
304 305 3
270 305 3
270 306 3
305 306 3
306 307 3
291 327 3
292 327 3
308 344 3
292 329 3
293 329 3
305 341 3
306 343 3
307 343 3
307 344 3
291 326 3
309 345 3
311 347 3
312 347 1
290 326 3
310 345 3
314 350 3
322 359 3
323 359 3
288 324 3
289 325 3
326 327 3
294 330 3
295 331 3
296 332 3
297 333 3
298 334 3
299 335 3
300 336 3
301 337 3
302 338 3
303 339 3
304 339 3
305 342 3
306 342 3
310 346 3
312 348 3
313 349 3
313 350 1
314 351 3
315 351 3
316 352 3
317 353 3
319 355 3
320 356 3
321 357 3
321 358 3
322 358 3
324 325 3
325 326 3
329 330 3
295 330 3
331 332 3
332 333 3
333 334 3
334 335 1
335 336 3
336 337 3
337 338 3
338 339 3
309 344 3
346 347 3
348 349 3
351 352 3
352 353 3
317 354 3
354 355 0
355 356 3
356 357 3
357 358 3
327 329 3
304 341 3
342 343 3
344 345 3
345 346 3
347 348 0
330 331 3
341 342 3
349 350 1
350 351 3
353 354 3
358 359 3
339 341 3
343 344 3
339 340 3
340 341 3
341 377 3
342 377 3
326 363 3
327 363 3
329 364 3
340 377 3
342 378 3
327 364 3
338 374 3
339 376 3
340 376 3
377 378 3
337 374 3
363 364 3
343 378 3
344 380 3
345 380 3
347 383 3
350 387 3
351 387 3
334 370 1
345 381 3
348 383 1
353 390 3
354 390 3
324 360 3
325 361 3
326 362 3
329 365 3
330 366 3
330 367 3
331 367 3
332 368 3
333 369 3
335 370 3
335 371 3
336 372 3
337 373 3
380 381 3
346 382 3
348 384 3
349 385 3
350 386 3
352 388 3
353 389 3
355 391 3
356 392 3
357 393 3
358 394 3
359 395 3
360 361 3
361 362 3
362 363 3
364 365 3
365 366 3
366 367 3
367 368 3
368 369 3
369 370 1
371 372 3
372 373 3
373 374 3
339 374 3
339 375 3
381 382 3
382 383 3
383 384 0
384 385 3
385 386 1
387 388 3
388 389 3
389 390 3
390 391 0
391 392 3
392 393 3
393 394 3
394 395 3
370 371 3
375 376 3
386 387 3
376 377 3
374 375 3
343 380 3
343 415 3
378 415 3
380 415 3
383 419 3
384 419 1
362 398 3
363 398 3
363 399 3
381 417 3
382 417 3
389 425 3
364 399 3
390 425 3
398 399 3
364 401 3
365 401 3
375 411 3
376 411 3
377 413 3
360 396 3
361 397 3
366 402 3
367 403 3
368 404 3
369 405 3
370 406 3
371 407 3
372 408 3
373 409 3
374 410 3
374 411 3
376 412 3
376 413 3
378 414 3
380 416 3
382 418 3
384 420 3
385 421 3
386 422 3
387 423 3
388 424 3
390 426 3
391 427 3
392 428 3
393 429 3
394 430 3
395 431 3
396 397 3
397 398 3
401 402 3
402 403 3
403 404 3
404 405 3
405 406 1
406 407 3
407 408 3
408 409 3
409 410 3
411 412 3
413 414 3
416 417 3
418 419 3
419 420 0
420 421 3
421 422 1
422 423 3
423 424 3
424 425 3
426 427 0
427 428 3
428 429 3
429 430 3
430 431 3
410 411 3
412 413 3
414 415 3
417 418 3
425 426 3
415 416 3
364 436 3
399 436 3
401 436 3
398 435 3
399 435 3
419 455 3
426 462 3
435 436 3
418 455 3
427 462 1
431 467 3
402 438 3
409 445 3
410 446 3
411 446 3
416 453 3
417 453 3
420 455 1
423 459 3
430 467 3
396 432 3
397 433 3
398 434 3
401 437 3
403 438 3
403 439 3
404 440 3
405 441 3
406 442 3
407 443 3
408 444 3
410 445 3
411 447 3
412 448 3
413 449 3
414 450 3
415 451 3
416 452 3
418 454 3
420 456 3
421 457 3
422 458 3
422 459 3
424 460 3
425 461 3
427 463 3
428 464 3
429 465 3
430 466 3
432 433 3
433 434 3
434 435 3
436 437 3
437 438 3
439 440 3
440 441 3
441 442 1
442 443 3
443 444 3
444 445 3
446 447 3
447 448 3
448 449 3
449 450 3
450 451 3
451 452 3
453 454 3
454 455 3
455 456 0
456 457 3
457 458 1
459 460 3
460 461 3
425 462 3
462 463 0
463 464 3
464 465 3
465 466 3
466 467 3
438 439 3
461 462 3
452 453 3
458 459 3
445 446 3
435 471 3
455 491 3
436 471 3
456 491 1
434 470 3
435 470 3
436 473 3
437 473 3
450 487 3
470 471 3
451 487 3
452 489 3
453 489 3
460 496 3
463 499 3
432 468 3
433 469 3
438 474 3
439 475 3
440 476 3
441 477 3
442 478 3
443 479 3
444 480 3
445 481 3
446 481 3
446 482 3
447 483 3
448 484 3
449 485 3
450 486 3
452 488 3
454 490 3
456 492 3
457 493 3
458 494 3
459 494 3
459 495 3
461 496 3
461 497 3
462 497 3
462 499 0
464 500 3
465 501 3
466 502 3
467 503 3
468 469 3
469 470 3
473 474 3
474 475 3
475 476 3
476 477 3
477 478 1
478 479 3
479 480 3
480 481 3
482 483 3
483 484 3
449 484 3
485 486 3
486 487 3
487 488 3
488 489 3
489 490 3
490 491 3
491 492 0
492 493 3
493 494 1
495 496 3
499 500 3
500 501 3
501 502 3
502 503 3
484 485 3
494 495 3
471 473 3
481 482 3
496 497 3
473 508 3
471 508 3
497 570 3
462 570 3
499 570 1
470 507 3
471 507 3
497 534 3
534 570 3
507 508 3
481 517 3
494 531 3
482 517 3
495 531 3
499 535 3
482 518 3
486 523 3
487 523 3
488 525 3
489 525 3
490 527 3
491 527 3
496 533 3
535 570 1
468 504 3
469 505 3
470 506 3
473 509 3
474 510 3
475 511 3
476 512 3
477 513 3
478 514 3
479 515 3
480 516 3
483 518 3
483 519 3
484 520 3
485 521 3
486 522 3
488 524 3
490 526 3
492 527 1
492 528 3
493 529 3
494 530 3
496 532 3
497 533 3
500 536 3
501 537 3
502 538 3
502 539 3
503 539 3
504 505 3
505 506 3
506 507 3
508 509 3
509 510 3
510 511 3
511 512 3
512 513 3
513 514 1
514 515 3
515 516 3
516 517 3
519 520 3
520 521 3
521 522 3
522 523 3
523 524 3
524 525 3
525 526 3
526 527 3
528 529 3
529 530 1
530 531 3
531 532 3
532 533 3
533 534 3
535 536 3
536 537 3
537 538 3
538 539 3
517 518 3
518 519 3
527 528 0
507 543 3
508 543 3
518 554 3
506 542 3
507 542 3
517 554 3
519 556 3
520 556 3
527 563 3
510 546 3
511 546 3
529 565 3
530 566 3
531 566 3
533 569 3
535 571 3
504 540 3
505 541 3
542 543 3
508 545 3
509 545 3
511 547 3
512 548 3
513 549 3
514 550 3
515 551 3
516 552 3
517 553 3
519 555 3
521 557 3
522 558 3
523 559 3
524 560 3
524 561 3
525 561 3
526 562 3
528 564 3
530 565 0
531 567 3
532 568 3
534 569 3
570 571 0
536 572 3
537 573 3
538 574 3
539 574 3
539 575 3
540 541 3
541 542 3
545 546 3
547 548 3
548 549 3
549 550 1
550 551 3
551 552 3
552 553 3
553 554 3
554 555 3
556 557 3
557 558 3
523 558 3
559 560 3
561 562 3
562 563 3
528 563 1
564 565 3
565 566 1
567 568 3
568 569 3
571 572 3
572 573 3
573 574 3
574 575 3
546 547 3
555 556 3
558 559 3
563 564 0
566 567 3
508 580 3
560 561 3
543 580 3
545 580 3
569 570 3
563 599 3
564 599 1
542 579 3
543 579 3
570 606 3
579 580 3
556 592 3
569 606 3
555 592 3
558 594 3
559 594 3
557 592 3
557 593 3
560 596 3
561 596 3
566 602 3
540 576 3
541 577 3
542 578 3
545 581 3
546 582 3
547 583 3
548 584 3
549 585 3
550 586 3
551 587 3
552 588 3
553 589 3
554 590 3
554 591 3
555 591 3
558 593 3
559 595 3
561 597 3
562 598 3
564 600 3
565 601 3
567 602 3
567 603 3
568 604 3
569 605 3
571 607 3
572 608 3
573 609 3
574 610 3
575 611 3
576 577 3
577 578 3
578 579 3
580 581 3
581 582 3
582 583 3
583 584 3
584 585 3
585 586 1
586 587 3
587 588 3
588 589 3
589 590 3
591 592 3
592 593 3
594 595 3
560 595 3
596 597 3
597 598 3
598 599 3
599 600 0
600 601 3
601 602 1
603 604 3
604 605 3
605 606 3
570 607 0
607 608 3
608 609 3
609 610 3
610 611 3
590 591 3
593 594 3
602 603 3
595 596 3
606 607 0
606 678 3
607 678 1
579 615 3
580 615 3
589 625 3
590 625 3
595 631 3
580 617 3
581 617 3
596 631 3
578 614 3
579 614 3
590 627 3
591 627 3
602 639 3
603 639 3
599 635 3
576 612 3
577 613 3
614 615 3
582 618 3
583 619 3
584 620 3
585 621 3
586 622 3
587 623 3
588 624 3
590 626 3
596 632 3
597 633 3
598 634 3
600 636 3
601 636 3
601 637 3
602 638 3
604 640 3
605 641 3
606 641 3
606 642 3
607 643 3
608 644 3
609 645 3
610 646 3
611 647 3
612 613 3
613 614 3
617 618 3
618 619 3
619 620 3
620 621 3
621 622 1
622 623 3
623 624 3
624 625 3
625 626 3
626 627 3
592 628 3
594 631 3
631 632 3
632 633 3
633 634 3
634 635 3
599 636 0
637 638 1
638 639 3
639 640 3
640 641 3
641 642 3
643 644 3
644 645 3
645 646 3
646 647 3
627 628 3
594 630 3
635 636 0
636 637 3
642 678 3
643 678 1
580 652 3
630 631 3
615 652 3
617 652 3
593 629 3
628 629 3
594 629 3
629 630 3
635 707 3
636 707 1
635 671 3
614 651 3
615 651 3
671 707 3
651 652 3
625 661 3
631 667 3
632 667 3
621 658 1
622 658 3
637 673 3
626 661 3
632 669 3
633 669 3
638 674 3
639 674 3
643 680 3
644 680 3
612 648 3
613 649 3
614 650 3
618 654 3
619 654 3
619 655 3
620 656 3
621 656 3
621 657 3
623 659 3
624 660 3
626 662 3
627 663 3
628 664 3
629 664 3
629 665 3
630 666 3
631 666 3
634 670 3
636 673 3
639 675 3
640 676 3
641 677 3
645 681 3
646 682 3
647 683 3
648 649 3
649 650 3
650 651 3
617 653 3
617 654 3
655 656 3
657 658 1
658 659 3
659 660 3
660 661 3
661 662 3
662 663 3
663 664 3
665 666 3
669 670 3
670 671 3
673 674 1
674 675 3
675 676 3
676 677 3
642 677 3
680 681 3
681 682 3
682 683 3
652 653 3
653 654 3
654 655 3
656 657 3
666 667 3
664 665 3
677 678 3
667 669 3
678 680 0
636 708 2
673 708 1
678 716 0
680 716 1
669 704 3
667 704 3
707 708 0
678 715 3
658 695 3
659 695 3
715 716 0
651 687 3
656 692 3
657 692 3
661 697 3
677 714 3
678 714 3
681 717 3
652 687 3
660 697 3
676 712 3
680 717 3
648 684 3
649 685 3
650 686 3
655 691 3
660 695 3
662 698 3
669 705 3
670 706 3
673 710 1
674 710 3
675 710 3
675 712 3
677 713 3
682 718 3
683 719 3
684 685 3
685 686 3
686 687 3
655 692 3
657 693 1
658 693 2
662 697 3
663 698 3
705 706 3
706 707 3
712 713 3
717 718 3
718 719 3
652 688 3
653 688 3
653 690 3
654 690 3
692 693 1
697 698 3
663 699 3
714 715 3
687 688 3
654 691 3
691 692 3
665 702 3
666 702 3
704 705 3
675 711 3
713 714 3
688 690 3
658 694 2
695 697 3
698 699 3
664 699 3
708 710 0
710 711 3
690 691 3
694 695 2
664 700 3
665 701 3
716 717 0
693 694 3
699 700 3
664 701 3
701 702 3
666 703 3
667 703 3
711 712 3
694 697 2
700 701 3
702 703 3
703 704 3
688 725 3
690 725 3
715 751 1
716 751 2
688 724 3
694 731 2
697 733 1
687 724 3
691 728 1
692 728 1
693 729 2
693 730 2
694 730 2
694 732 1
694 733 1
698 733 1
698 736 1
699 736 1
700 736 1
705 709 2
706 709 2
693 728 2
732 733 3
702 740 1
704 709 2
707 709 2
716 752 2
729 730 3
730 731 3
731 732 3
733 736 3
703 740 1
708 709 3
716 718 0
719 755 1
684 720 3
685 721 3
686 722 3
687 723 3
690 726 3
691 727 3
728 729 3
701 737 1
701 740 1
704 740 1
711 748 1
714 751 1
718 755 1
720 721 3
721 722 3
722 723 3
726 727 3
727 728 1
733 734 3
734 736 3
736 737 3
737 740 3
751 752 3
725 726 3
735 736 3
711 713 3
723 724 3
724 725 3
734 735 3
738 740 3
709 740 2
708 746 1
718 754 1
737 738 3
740 775 3
709 741 2
709 742 2
710 746 1
754 755 3
738 775 3
740 741 3
741 742 3
709 780 2
708 780 2
708 745 2
711 746 1
713 748 1
709 743 2
713 751 1
716 754 2
745 780 3
745 746 3
746 748 3
713 785 1
742 743 3
743 780 3
751 785 2
748 785 3
751 786 2
752 754 2
785 786 3
752 789 2
754 790 3
746 783 3
754 789 3
748 783 3
789 790 3
751 787 2
751 788 2
752 788 2
736 772 3
737 772 3
746 782 3
786 787 3
787 788 3
788 789 3
729 765 3
731 767 3
732 767 3
745 782 3
724 760 3
725 760 3
727 763 3
728 765 3
755 791 3
720 756 3
721 757 3
722 758 3
723 759 3
725 761 3
726 762 3
728 764 3
730 766 3
732 768 3
733 769 3
734 770 3
735 771 3
736 771 3
737 773 3
738 774 3
740 776 3
741 777 3
742 778 3
743 779 3
745 781 3
748 784 3
754 791 3
756 757 3
757 758 3
758 759 3
759 760 3
760 761 3
761 762 3
762 763 3
763 764 1
764 765 3
765 766 3
766 767 3
767 768 3
768 769 3
769 770 3
770 771 3
771 772 3
772 773 3
773 774 3
774 775 3
775 776 3
776 777 3
777 778 3
778 779 3
780 781 3
781 782 3
783 784 3
784 785 3
779 780 3
782 783 3
790 791 3
775 811 3
786 822 3
787 822 3
774 811 3
776 811 3
756 792 3
757 793 3
758 794 3
759 795 3
760 796 3
761 797 3
762 798 3
763 799 3
764 800 3
769 805 3
770 806 3
771 807 3
773 809 3
776 812 3
777 813 3
778 814 3
779 815 3
780 816 3
781 817 3
782 818 3
783 819 3
784 820 3
785 821 3
787 823 3
788 824 3
789 825 3
791 827 3
792 793 3
793 794 3
794 795 3
795 796 3
796 797 3
797 798 3
798 799 3
799 800 1
765 800 3
766 802 3
767 803 3
768 804 3
806 807 3
772 809 3
774 809 3
811 812 3
812 813 3
813 814 3
814 815 3
815 816 3
816 817 3
817 818 3
818 819 3
819 820 3
820 821 3
821 822 3
822 823 3
823 824 3
824 825 3
790 825 3
790 826 3
790 827 3
765 801 3
767 802 3
767 804 3
769 806 3
825 826 3
826 827 3
800 801 3
766 801 3
768 805 3
801 802 3
803 804 3
772 807 3
802 803 3
804 805 3
805 806 3
809 811 3
807 844 3
772 844 3
809 844 3
811 847 3
809 845 3
809 847 3
811 848 3
812 848 3
844 845 3
845 847 3
826 863 0
827 863 0
847 848 3
812 849 3
813 849 3
813 850 3
814 850 3
797 834 3
798 834 3
799 834 3
848 849 3
849 850 3
815 851 3
816 852 3
845 846 3
850 851 3
815 852 3
817 852 3
817 853 3
818 854 3
820 856 3
821 856 3
792 828 3
793 829 3
794 830 3
795 831 3
796 832 3
797 833 3
799 835 3
800 836 3
801 836 3
801 837 3
802 838 3
802 839 3
803 839 3
804 840 3
805 841 3
806 842 3
807 843 3
846 847 3
851 852 3
819 854 3
819 855 3
821 857 3
824 860 3
828 829 3
829 830 3
830 831 3
831 832 3
832 833 3
833 834 3
834 835 3
835 836 1
836 837 3
837 838 3
838 839 3
839 840 3
840 841 3
841 842 3
842 843 3
843 844 3
852 853 3
853 854 3
822 857 3
823 860 3
854 855 3
855 856 3
822 858 3
823 859 3
856 857 3
857 858 3
822 859 3
859 860 3
825 860 3
825 861 3
858 859 3
860 861 3
826 861 3
863 898 2
826 898 3
863 899 2
861 898 3
898 899 3
843 879 1
844 880 3
848 884 3
849 884 3
840 876 1
841 877 1
841 878 1
842 878 1
843 878 1
844 879 1
834 870 3
876 877 3
878 879 3
879 880 0
845 880 3
835 870 3
877 878 3
847 884 3
851 888 3
852 888 3
859 895 3
861 897 3
833 870 3
835 871 3
836 873 3
837 873 3
846 882 3
860 895 3
860 897 3
828 864 3
829 865 3
830 866 3
831 867 3
832 868 3
833 869 3
870 871 3
836 872 3
845 881 3
847 882 3
849 885 3
850 886 3
850 887 3
851 887 3
853 888 3
853 889 3
854 890 3
855 891 3
856 892 3
857 893 3
858 894 3
859 894 3
864 865 3
865 866 3
866 867 3
867 868 3
868 869 3
869 870 3
871 872 1
872 873 3
838 873 3
838 874 1
839 875 1
839 876 1
880 881 3
881 882 3
847 883 3
884 885 3
885 886 3
886 887 3
888 889 3
854 889 3
890 891 3
891 892 3
892 893 3
893 894 3
897 898 3
875 876 3
883 884 3
889 890 3
894 895 3
839 874 1
887 888 3
873 874 1
874 875 3
882 883 3
860 932 3
895 932 3
897 932 3
882 918 3
881 918 3
892 928 3
893 928 3
895 931 3
898 935 3
899 935 3
880 916 1
881 916 1
891 927 3
894 931 3
898 934 3
870 906 3
874 911 3
875 911 3
877 913 3
879 916 3
883 920 3
884 920 3
887 922 3
887 924 3
888 924 3
892 927 3
897 934 3
934 935 3
864 900 3
865 901 3
866 902 3
867 903 3
868 904 3
869 905 3
871 906 3
871 907 3
872 908 0
873 909 0
874 910 3
876 912 3
876 913 3
878 914 3
879 915 3
881 917 1
886 922 3
889 925 3
890 926 3
893 930 3
897 933 3
900 901 3
901 902 3
902 903 3
903 904 3
904 905 3
905 906 3
907 908 3
908 909 3
909 910 1
910 911 3
911 912 3
912 913 3
913 914 3
914 915 3
916 917 3
917 918 0
883 918 3
885 920 3
885 922 3
922 924 3
888 925 3
925 926 3
926 927 3
894 930 3
932 933 3
933 934 3
906 907 3
924 925 3
927 928 3
931 932 3
930 931 3
915 916 3
920 922 3
928 930 3
918 955 1
883 955 1
920 955 1
920 957 1
922 957 1
922 959 1
924 959 1
917 955 3
922 958 1
928 965 2
930 965 2
958 959 3
924 960 1
954 955 3
957 958 3
930 966 2
917 954 3
924 961 3
927 963 0
915 951 3
916 951 3
916 952 3
917 952 3
960 961 0
925 961 3
928 963 0
914 951 3
951 952 3
955 956 0
920 956 3
932 969 3
933 969 3
934 971 3
935 971 3
900 936 3
901 937 3
902 938 3
903 939 3
904 940 3
905 941 0
906 942 3
907 943 3
908 944 3
909 945 3
910 946 0
911 947 0
912 948 0
913 949 0
914 949 0
914 950 3
917 953 3
956 957 1
959 960 3
931 966 2
936 937 3
937 938 3
938 939 3
939 940 3
940 941 0
941 942 1
942 943 3
943 944 3
944 945 3
945 946 1
946 947 0
947 948 1
948 949 3
949 950 1
950 951 3
952 953 3
953 954 3
926 961 3
926 962 0
931 967 2
932 967 2
934 970 3
961 962 0
934 969 3
927 962 0
967 969 2
969 970 3
970 971 3
963 965 1
965 966 3
966 967 3
963 1000 3
965 1000 0
962 963 3
967 1004 2
969 1004 0
959 995 0
954 990 0
957 993 0
958 993 0
958 995 0
960 995 0
970 1007 0
971 1007 3
955 991 0
955 990 0
956 991 3
956 993 3
963 999 3
950 986 0
990 991 3
962 999 3
965 1001 0
966 1002 0
949 986 1
953 989 0
953 990 0
962 998 3
967 1002 0
969 1005 3
943 979 3
951 987 0
958 994 0
961 998 0
970 1005 3
936 972 1
937 973 1
938 974 1
939 975 1
940 976 1
941 977 0
942 978 1
942 979 3
944 979 3
944 980 1
945 981 1
946 981 3
946 982 1
947 983 1
948 984 1
949 985 1
951 986 0
952 987 0
952 988 0
956 992 3
993 994 3
960 996 0
961 997 0
999 1000 3
967 1003 2
972 973 3
973 974 3
974 975 3
975 976 3
976 977 0
977 978 1
978 979 0
979 980 1
980 981 0
982 983 2
983 984 3
984 985 3
986 987 3
988 989 3
989 990 0
994 995 1
995 996 0
996 997 3
997 998 3
1000 1001 2
1003 1004 3
985 986 3
987 988 3
991 992 3
992 993 3
965 1002 0
1002 1003 3
1004 1005 1
998 999 3
981 982 2
1001 1038 3
1005 1007 0
1000 1036 1
965 1038 2
990 1027 1
991 1027 1
1001 1036 1
1002 1038 1
1007 1042 3
1005 1042 0
994 1031 3
995 1031 0
996 1031 3
1004 1040 3
999 1036 2
1005 1040 0
989 1026 1
990 1026 1
1003 1039 3
1004 1039 3
1026 1027 3
992 1027 1
996 1033 3
997 1033 3
972 1008 1
973 1009 1
974 1010 1
975 1011 1
976 1012 1
977 1013 1
978 1014 1
979 1015 1
980 1016 1
981 1017 1
982 1018 1
983 1019 1
984 1020 1
985 1021 1
986 1022 1
987 1023 1
988 1024 1
989 1025 1
992 1028 3
993 1029 3
994 1030 3
996 1032 3
998 1034 3
999 1035 3
1002 1039 3
1005 1041 0
1007 1043 0
1008 1009 3
1009 1010 3
1010 1011 3
1011 1012 3
1012 1013 3
1013 1014 3
1014 1015 3
1015 1016 3
1016 1017 3
1017 1018 3
1018 1019 3
1019 1020 3
1020 1021 3
1021 1022 3
1022 1023 3
1023 1024 3
1024 1025 3
1025 1026 3
1027 1028 0
1028 1029 3
1029 1030 3
1030 1031 3
1031 1032 3
1032 1033 3
1033 1034 3
998 1035 3
1035 1036 2
1040 1041 0
1041 1042 1
1042 1043 0
1034 1035 3
1038 1039 0
1039 1040 3
