0 1 3
1 2 3
2 3 3
3 4 3
4 5 3
5 6 3
6 7 3
7 9 3
9 10 3
10 11 3
11 12 3
12 13 3
13 14 3
14 15 3
15 16 3
16 17 3
17 18 3
18 19 3
19 20 3
20 21 3
21 22 3
22 23 3
23 24 3
24 25 3
25 26 3
26 27 3
27 28 3
28 29 3
29 30 3
30 31 3
31 32 2
32 33 2
33 34 3
34 35 3
5 41 3
6 41 3
18 54 1
17 54 1
16 52 1
17 53 1
19 55 1
20 56 1
21 57 1
21 58 1
22 58 1
52 53 3
53 54 3
54 55 3
55 56 3
56 57 3
57 58 3
4 40 3
5 40 3
9 44 3
9 45 3
10 46 3
15 52 1
33 69 3
6 43 3
7 43 3
7 44 3
11 46 3
14 50 3
15 50 3
32 69 2
34 70 3
35 70 3
9 46 3
22 59 3
23 59 3
32 68 3
33 70 3
0 36 3
1 37 3
2 38 3
3 39 3
40 41 3
44 45 3
11 47 3
12 48 3
13 49 3
15 51 1
24 60 3
25 61 3
26 62 3
27 63 3
28 64 3
29 65 3
30 66 3
31 67 3
35 71 3
36 37 3
37 38 3
38 39 3
39 40 3
45 46 3
47 48 3
48 49 3
49 50 3
51 52 3
59 60 3
60 61 3
61 62 3
62 63 3
63 64 3
64 65 3
65 66 3
66 67 3
67 68 2
69 70 3
70 71 3
6 79 3
46 47 3
68 69 2
43 79 3
43 44 3
41 79 3
58 59 0
50 51 1
41 77 3
40 77 3
77 79 3
44 81 3
45 81 3
56 93 3
57 93 3
58 94 3
67 103 3
68 103 2
69 105 3
44 79 3
51 87 3
52 87 3
57 94 3
70 105 3
36 72 3
37 73 3
38 74 3
39 75 3
40 76 3
44 80 3
46 82 3
47 83 3
48 84 3
49 85 3
50 86 3
55 93 3
59 95 3
60 96 3
61 97 3
62 98 3
63 99 3
64 100 3
65 101 3
66 102 3
70 106 3
71 107 3
72 73 3
73 74 3
74 75 3
75 76 3
76 77 3
79 80 3
80 81 3
81 82 3
82 83 3
83 84 3
84 85 3
85 86 3
50 87 1
58 95 0
95 96 3
96 97 3
97 98 3
98 99 3
99 100 3
100 101 3
101 102 3
102 103 3
68 104 3
68 105 2
105 106 3
106 107 3
86 87 1
104 105 2
93 94 3
103 104 2
77 115 3
79 115 3
94 95 0
54 93 3
87 88 0
52 88 0
53 88 0
53 89 0
54 89 0
54 90 0
54 91 0
91 93 1
92 93 1
88 89 3
89 90 3
90 91 3
91 92 3
93 129 0
92 129 3
94 129 0
77 113 3
87 123 3
94 130 3
76 112 3
77 112 3
113 115 3
79 116 3
88 123 1
95 130 1
80 116 3
112 113 3
81 117 3
102 138 3
72 108 3
73 109 3
74 110 3
75 111 3
80 117 3
82 118 3
83 119 3
84 120 3
85 121 3
86 122 3
87 122 0
88 124 3
89 125 3
90 126 3
91 127 3
92 128 3
129 130 1
95 131 3
96 132 3
97 133 3
98 134 3
99 135 3
100 136 3
101 137 3
103 138 3
105 141 3
106 142 3
107 143 3
108 109 3
109 110 3
110 111 3
111 112 3
117 118 3
118 119 3
119 120 3
120 121 3
121 122 3
122 123 1
123 124 0
124 125 3
125 126 3
126 127 3
127 128 3
128 129 3
130 131 0
131 132 3
132 133 3
133 134 3
134 135 3
135 136 3
136 137 3
137 138 3
103 139 3
104 141 2
141 142 3
142 143 3
115 116 3
104 139 2
138 139 3
116 117 3
104 176 3
141 176 3
113 149 3
139 176 0
115 149 3
139 175 3
112 149 3
115 151 3
175 176 0
149 151 3
129 165 3
130 166 3
130 165 0
131 166 1
143 179 3
116 151 3
128 165 3
108 144 3
109 145 3
110 146 3
111 147 3
112 148 3
116 152 3
117 153 3
118 154 3
119 155 3
120 156 3
121 157 3
122 158 3
123 158 0
123 159 3
124 160 3
125 161 3
126 162 3
127 163 3
128 164 3
131 167 3
132 168 3
133 169 3
134 170 3
135 171 3
136 172 3
137 173 3
138 174 3
141 177 3
142 178 3
144 145 3
145 146 3
146 147 3
147 148 3
148 149 3
152 153 3
153 154 3
154 155 3
155 156 3
156 157 3
157 158 3
158 159 1
123 160 0
160 161 3
161 162 3
162 163 3
163 164 3
165 166 1
167 168 3
168 169 3
169 170 3
170 171 3
171 172 3
172 173 3
173 174 3
174 175 3
175 211 3
176 211 1
177 178 3
178 179 3
151 152 3
159 160 0
164 165 3
166 167 0
176 177 3
149 185 3
151 185 3
158 194 1
159 194 3
148 184 3
149 184 3
151 187 3
152 187 3
156 192 3
157 192 3
184 185 3
185 187 3
157 194 1
165 201 1
166 203 3
167 204 3
168 204 3
144 180 3
145 181 3
146 182 3
147 183 3
152 188 3
153 189 3
154 190 3
155 191 3
159 195 3
160 196 1
161 197 1
164 200 1
166 201 3
166 202 3
167 203 1
169 205 3
170 206 3
171 207 3
172 208 3
173 209 3
174 210 3
174 211 3
176 212 3
177 213 3
178 214 3
179 215 3
180 181 3
181 182 3
182 183 3
183 184 3
187 188 3
188 189 3
189 190 3
190 191 3
191 192 3
194 195 3
159 196 3
196 197 3
161 198 1
162 198 1
165 200 1
202 203 3
204 205 3
205 206 3
206 207 3
207 208 3
208 209 3
209 210 3
210 211 3
211 212 0
212 213 3
213 214 3
214 215 3
197 198 3
163 199 1
164 199 1
199 200 3
200 201 3
203 204 0
195 196 3
198 199 3
201 202 3
157 193 1
193 194 3
192 193 1
204 240 1
203 240 3
184 221 3
185 221 3
187 221 3
188 225 3
189 225 3
187 223 3
188 223 3
211 247 3
180 216 3
181 217 3
182 218 3
183 219 3
184 220 3
221 223 3
190 226 3
191 227 3
192 228 3
193 229 3
194 230 3
195 231 3
196 232 3
197 233 3
198 234 3
199 235 3
200 236 3
201 237 3
202 238 3
203 239 3
205 241 3
206 242 3
207 243 3
208 244 3
209 245 3
210 246 3
212 247 1
212 248 3
213 249 3
214 250 3
215 251 3
216 217 3
217 218 3
218 219 3
219 220 3
220 221 3
225 226 3
226 227 3
227 228 3
228 229 1
229 230 3
230 231 3
231 232 3
232 233 3
233 234 3
234 235 3
235 236 3
236 237 3
237 238 3
238 239 3
239 240 3
204 241 3
241 242 3
242 243 3
243 244 3
244 245 3
245 246 3
246 247 3
247 248 0
248 249 3
249 250 3
250 251 3
223 225 3
223 260 3
225 260 3
240 277 0
204 277 3
260 261 3
225 261 3
241 277 3
221 257 3
223 257 3
220 256 3
221 256 3
223 259 3
228 265 1
240 276 3
256 257 3
257 259 3
259 260 3
229 265 3
237 273 3
238 274 3
239 274 3
239 276 3
247 283 3
248 283 1
216 252 3
217 253 3
218 254 3
219 255 3
226 262 3
227 263 3
228 264 3
230 266 3
231 267 3
232 268 3
233 269 3
234 270 3
235 271 3
236 272 3
236 273 3
273 274 3
242 278 3
243 279 3
244 280 3
245 281 3
246 282 3
248 284 3
249 285 3
250 286 3
251 287 3
252 253 3
253 254 3
254 255 3
255 256 3
261 262 3
262 263 3
263 264 3
265 266 3
266 267 3
267 268 3
268 269 3
269 270 3
270 271 3
271 272 3
272 273 3
239 275 3
276 277 0
277 278 3
278 279 3
279 280 3
280 281 3
281 282 3
282 283 3
284 285 3
285 286 3
286 287 3
264 265 1
283 284 0
274 275 3
275 276 3
256 293 3
257 293 3
259 293 3
260 295 3
259 295 3
265 301 3
272 309 3
273 309 3
275 311 3
277 313 3
252 288 3
253 289 3
254 290 3
255 291 3
256 292 3
261 297 3
262 298 3
263 299 3
264 300 3
264 301 1
266 302 3
267 303 3
268 304 3
269 305 3
270 306 3
271 307 3
272 308 3
274 310 3
274 311 3
276 312 3
276 313 0
278 313 3
278 314 3
279 315 3
280 316 3
281 317 3
282 318 3
283 319 3
283 320 0
284 320 3
284 321 3
285 321 3
286 322 3
287 323 3
288 289 3
289 290 3
290 291 3
291 292 3
292 293 3
293 295 3
260 297 3
297 298 3
298 299 3
299 300 3
300 301 1
301 302 3
302 303 3
303 304 3
304 305 3
305 306 3
306 307 3
307 308 3
309 310 3
311 312 3
312 313 0
314 315 3
315 316 3
316 317 3
317 318 3
318 319 3
321 322 3
322 323 3
308 309 3
310 311 3
313 314 3
319 320 0
320 321 3
260 333 3
293 329 3
295 333 3
297 333 3
295 329 3
307 343 3
293 328 3
295 332 3
332 333 3
306 343 3
292 328 3
328 329 3
310 347 3
311 347 3
295 331 3
305 341 3
306 342 3
342 343 3
309 345 3
314 350 3
315 350 3
288 324 3
289 325 3
290 326 3
291 327 3
331 332 3
298 334 3
299 335 3
300 335 3
300 336 1
301 336 2
301 337 3
302 338 3
303 339 3
304 340 3
306 341 3
308 344 3
308 345 3
312 347 3
312 348 3
313 349 3
314 349 3
318 355 3
319 355 3
320 356 3
321 356 3
321 357 3
322 358 3
323 359 3
324 325 3
325 326 3
326 327 3
327 328 3
329 331 3
333 334 3
334 335 3
336 337 2
337 338 3
338 339 3
339 340 3
340 341 3
343 344 3
310 345 3
347 348 3
313 348 1
320 355 1
356 357 3
357 358 3
358 359 3
335 336 2
344 345 3
310 346 3
315 352 3
316 352 3
317 389 3
341 342 3
345 346 3
346 347 3
348 349 0
317 352 3
349 350 3
352 389 3
350 352 3
318 391 3
352 388 3
317 391 2
355 391 3
350 388 3
389 391 0
355 356 0
388 389 3
328 365 3
329 365 3
331 365 3
341 377 3
341 378 3
342 378 3
350 386 3
377 378 3
349 386 3
356 391 1
332 369 3
333 369 3
343 378 3
349 385 3
331 367 3
343 379 3
385 386 3
386 388 3
324 360 3
325 361 3
326 362 3
327 363 3
328 364 3
365 367 3
332 367 3
334 370 3
335 371 3
337 373 3
338 374 3
339 375 3
340 376 3
341 376 3
378 379 3
345 381 3
346 382 3
347 383 3
348 384 3
356 392 3
357 393 3
358 394 3
359 395 3
360 361 3
361 362 3
362 363 3
363 364 3
364 365 3
332 405 3
369 370 3
370 371 3
336 371 2
336 373 2
373 374 3
339 374 3
375 376 3
344 381 3
381 382 3
382 383 3
383 384 3
349 384 1
391 392 0
392 393 3
393 394 3
394 395 3
344 379 3
376 377 3
332 404 3
369 405 3
367 404 3
404 405 3
374 375 3
336 408 1
391 427 3
373 408 3
388 425 2
389 425 3
389 427 0
371 408 1
379 381 3
381 416 3
365 401 3
349 421 3
367 401 3
384 421 0
385 421 3
378 414 3
379 414 3
364 400 3
365 400 3
379 416 3
392 427 1
367 403 3
371 407 3
375 411 3
388 424 3
400 401 3
401 403 3
370 407 3
407 408 1
408 409 3
373 409 3
374 411 3
379 415 3
386 458 3
424 425 2
360 396 3
361 397 3
362 398 3
363 399 3
370 406 3
374 410 3
376 412 3
377 413 3
414 415 3
381 417 3
382 417 3
382 418 3
383 419 3
384 420 3
392 428 3
393 429 3
394 430 3
395 431 3
396 397 3
397 398 3
398 399 3
399 400 3
403 404 3
405 406 3
406 407 3
409 410 3
410 411 3
375 412 3
412 413 3
413 414 3
415 416 3
418 419 3
419 420 3
420 421 0
385 458 3
427 428 0
428 429 3
429 430 3
430 431 3
416 417 3
417 418 3
388 458 0
411 412 3
421 458 3
424 458 3
427 462 3
389 462 0
458 459 3
424 459 3
425 462 3
400 437 3
401 437 3
425 461 3
461 462 3
403 437 3
403 439 3
407 443 3
421 457 3
404 439 3
408 443 0
421 493 3
457 458 3
427 463 3
396 432 3
397 433 3
398 434 3
399 435 3
400 436 3
437 439 3
404 440 3
405 441 3
406 442 3
408 444 3
409 445 3
410 446 3
411 447 3
412 448 3
413 449 3
414 450 3
415 451 3
416 452 3
417 453 3
418 454 3
419 455 3
420 456 3
420 493 0
424 460 3
425 460 3
462 463 3
428 464 3
429 465 3
430 466 3
431 467 3
432 433 3
433 434 3
434 435 3
435 436 3
436 437 3
439 440 3
404 441 3
441 442 3
442 443 3
443 444 1
444 445 3
445 446 3
446 447 3
447 448 3
448 449 3
449 450 3
450 451 3
451 452 3
452 453 3
453 454 3
454 455 3
455 456 3
456 493 0
459 460 3
427 464 0
464 465 3
465 466 3
466 467 3
440 441 3
457 493 3
463 464 0
460 461 3
437 473 3
459 495 3
460 495 3
436 472 3
437 472 3
439 473 3
439 475 3
440 475 3
461 497 3
461 533 3
472 473 3
462 533 1
464 500 3
432 468 3
433 469 3
434 470 3
435 471 3
440 476 3
441 477 3
442 478 3
443 479 3
444 480 3
445 481 3
446 482 3
447 483 3
448 484 3
449 484 3
449 485 3
450 485 3
450 486 3
451 487 3
452 488 3
453 489 3
454 490 3
455 491 3
456 492 3
457 494 3
458 494 3
460 496 3
463 500 0
465 501 3
466 502 3
467 503 3
468 469 3
469 470 3
470 471 3
471 472 3
473 475 3
475 476 3
476 477 3
477 478 3
478 479 3
479 480 1
480 481 3
481 482 3
482 483 3
483 484 3
486 487 3
487 488 3
488 489 3
489 490 3
490 491 3
491 492 3
492 493 0
459 494 3
495 496 3
496 497 3
497 533 3
463 499 3
500 501 3
501 502 3
502 503 3
484 485 3
494 495 3
462 499 3
485 486 3
493 494 3
499 533 1
499 500 0
499 571 3
533 571 0
472 509 3
473 509 3
484 521 3
485 521 3
487 523 3
488 523 3
475 509 3
500 536 3
475 511 3
499 536 0
509 511 3
496 532 3
499 535 3
468 504 3
469 505 3
470 506 3
471 507 3
472 508 3
475 512 3
476 512 3
477 513 3
478 514 3
479 515 3
480 516 3
481 517 3
482 518 3
483 519 3
484 520 3
486 522 3
488 524 3
489 525 3
489 526 3
490 526 3
491 527 3
492 528 3
492 529 0
493 529 3
494 530 3
495 531 3
495 532 3
501 537 3
502 538 3
503 539 3
504 505 3
505 506 3
506 507 3
507 508 3
508 509 3
512 513 3
513 514 3
514 515 3
515 516 1
516 517 3
517 518 3
518 519 3
519 520 3
520 521 3
521 522 3
522 523 3
523 524 3
524 525 3
526 527 3
527 528 3
528 529 0
529 530 3
531 532 3
497 532 3
536 537 3
537 538 3
538 539 3
511 512 3
525 526 3
494 531 3
535 536 0
530 531 3
571 607 3
531 567 3
532 533 3
535 571 3
530 567 3
533 570 3
570 571 3
509 545 3
530 601 3
535 572 0
511 545 3
536 572 3
509 544 3
508 544 3
520 557 3
532 569 3
533 569 3
521 557 3
544 545 3
511 547 3
512 547 3
523 560 3
524 560 3
529 601 3
569 570 3
571 572 0
504 540 3
505 541 3
506 542 3
507 543 3
545 547 3
512 548 3
513 549 3
514 550 3
515 551 3
516 552 3
517 553 3
518 554 3
519 555 3
519 556 3
520 556 3
521 558 3
522 558 3
523 558 3
525 561 3
526 562 3
527 563 3
528 564 3
529 565 3
532 567 3
532 568 3
537 573 3
538 574 3
539 575 3
540 541 3
541 542 3
542 543 3
543 544 3
548 549 3
549 550 3
550 551 3
551 552 1
552 553 3
553 554 3
554 555 3
556 557 3
560 561 3
561 562 3
526 563 3
563 564 3
529 564 1
565 601 3
572 573 3
573 574 3
574 575 3
555 556 3
567 568 3
568 569 3
547 548 3
562 563 3
557 558 3
530 639 3
564 565 0
601 639 3
558 595 3
558 560 3
560 595 3
567 639 3
561 597 3
544 581 3
545 581 3
558 594 3
562 597 3
557 594 3
547 583 3
567 603 3
571 606 3
547 581 3
548 583 3
603 639 3
570 606 3
560 596 3
549 585 3
561 596 3
568 603 3
569 606 3
540 576 3
541 577 3
542 578 3
543 579 3
544 580 3
547 582 3
548 585 3
550 586 3
551 587 3
552 588 3
553 589 3
554 590 3
555 591 3
556 592 3
556 593 3
557 593 3
562 598 3
563 599 3
564 600 3
568 604 3
569 605 3
606 643 3
571 643 3
572 608 3
573 609 3
574 610 3
575 611 3
576 577 3
577 578 3
578 579 3
579 580 3
580 581 3
581 582 3
585 586 3
586 587 3
587 588 1
588 589 3
589 590 3
590 591 3
591 592 3
593 594 3
595 596 3
596 597 3
597 598 3
598 599 3
599 600 3
565 600 1
604 605 3
571 608 0
608 609 3
609 610 3
610 611 3
594 595 3
605 606 3
607 643 3
582 583 3
583 585 3
592 593 3
603 604 3
596 632 3
597 632 3
600 601 0
581 617 3
593 629 3
582 617 3
592 629 3
595 631 3
595 632 3
583 620 3
585 620 3
593 630 3
594 630 3
631 632 3
637 639 3
629 630 3
601 637 3
580 616 3
581 616 3
592 628 3
630 631 3
616 617 3
591 628 3
600 636 3
608 643 1
576 612 3
577 613 3
578 614 3
579 615 3
585 621 3
586 622 3
587 623 3
588 624 3
589 625 3
590 626 3
591 626 3
597 633 3
598 634 3
599 635 3
601 636 1
603 640 3
604 640 3
605 641 3
608 644 3
609 645 3
610 646 3
611 647 3
612 613 3
613 614 3
614 615 3
615 616 3
583 619 3
621 622 3
622 623 3
623 624 1
624 625 3
625 626 3
591 627 3
628 629 3
632 633 3
633 634 3
634 635 3
635 636 3
640 641 3
606 641 3
606 642 3
644 645 3
645 646 3
646 647 3
582 619 3
619 620 3
620 621 3
641 642 3
642 643 3
626 627 3
639 640 3
643 644 0
627 628 3
644 680 1
622 659 3
623 659 3
631 668 3
632 668 3
643 680 2
616 653 3
617 653 3
582 655 3
624 659 0
633 668 3
653 655 3
619 655 3
601 673 3
639 673 3
639 675 3
640 675 3
644 681 3
645 681 3
619 656 3
620 656 3
621 656 3
627 663 3
628 663 3
634 670 3
635 671 3
636 672 3
636 673 0
637 673 3
641 678 3
642 678 3
646 682 3
612 648 3
613 649 3
614 650 3
615 651 3
616 652 3
621 657 3
622 658 3
625 661 3
626 662 3
628 665 3
629 665 3
630 666 3
631 667 3
633 670 3
634 671 3
672 673 0
673 675 3
640 676 3
641 677 3
645 682 3
647 682 3
647 683 2
648 649 3
649 650 3
650 651 3
651 652 3
652 653 3
656 657 3
657 658 3
658 659 3
624 661 3
661 662 3
662 663 3
665 666 3
666 667 3
667 668 3
670 671 3
671 672 3
675 676 3
676 677 3
643 678 3
681 682 3
633 669 3
677 678 3
682 683 1
668 669 3
680 681 0
628 664 3
669 670 3
655 656 3
663 664 3
664 665 3
673 709 2
643 716 2
680 716 2
661 696 2
672 709 0
680 718 2
659 696 1
624 696 2
681 718 1
682 718 1
675 709 2
678 716 2
653 690 3
661 698 2
662 698 2
716 718 2
655 690 3
656 692 3
696 698 3
663 698 2
663 699 2
664 699 2
664 700 2
675 711 2
675 712 2
676 712 2
648 684 3
649 685 3
650 686 3
651 687 3
652 688 3
657 692 3
698 699 3
699 700 3
665 700 2
665 701 2
666 701 2
666 702 2
667 702 2
709 710 3
675 710 2
677 713 2
678 715 2
715 716 3
683 719 1
684 685 3
685 686 3
686 687 3
687 688 3
653 688 3
657 693 3
658 693 3
659 694 1
700 701 3
701 702 3
667 704 2
668 704 2
710 711 3
711 712 3
677 712 2
718 719 3
653 689 3
655 692 3
692 693 3
658 694 1
694 696 3
702 704 3
669 704 2
712 713 3
713 714 3
677 714 2
678 714 2
688 689 3
670 706 2
671 706 2
714 715 3
669 706 2
671 707 2
672 707 2
672 708 2
689 690 3
693 694 1
706 707 3
707 708 3
708 709 3
690 692 3
704 706 3
704 705 3
705 706 3
716 753 3
718 753 2
692 728 3
694 731 2
696 731 2
690 728 3
693 729 1
694 729 2
694 730 2
696 732 2
698 734 1
689 725 3
690 725 3
730 731 3
731 732 3
732 734 3
729 730 3
732 733 3
733 734 3
698 735 1
699 735 2
734 735 3
701 737 2
688 724 3
690 727 3
700 736 2
700 737 2
715 751 3
718 755 3
719 755 3
684 720 3
685 721 3
686 722 3
687 723 3
689 724 3
727 728 3
699 736 2
701 738 2
702 738 2
704 738 2
714 751 3
720 721 3
721 722 3
722 723 3
723 724 3
728 729 1
735 736 3
736 737 3
737 738 3
708 710 3
711 783 1
706 708 3
710 783 1
716 751 3
705 741 2
705 742 2
706 742 2
708 742 2
712 783 1
725 727 3
704 776 2
704 741 2
741 742 3
708 744 2
708 745 2
710 745 2
724 725 3
738 775 3
738 776 3
741 776 3
744 745 3
710 782 2
751 753 3
753 755 2
775 776 3
712 784 1
713 784 1
713 785 1
714 785 1
714 750 1
708 779 2
782 783 3
750 785 3
742 779 3
744 779 3
745 782 3
783 784 3
784 785 3
750 751 0
755 790 2
753 789 2
753 790 2
727 763 3
751 788 2
753 788 2
750 787 3
750 788 3
788 789 3
728 763 3
787 788 3
755 791 2
725 761 3
789 790 3
724 761 3
728 764 3
731 767 3
734 770 3
790 791 3
727 761 3
729 765 3
730 765 3
730 767 3
733 770 3
735 770 3
750 786 3
720 756 3
721 757 3
722 758 3
723 759 3
724 760 3
730 766 3
732 768 3
733 769 3
735 771 3
736 772 3
737 773 3
738 774 3
741 777 3
742 778 3
744 780 3
745 781 3
756 757 3
757 758 3
758 759 3
759 760 3
760 761 3
764 765 1
765 766 3
766 767 3
767 768 3
768 769 3
770 771 3
771 772 3
772 773 3
773 774 3
774 775 3
776 777 3
777 778 3
779 780 3
780 781 3
781 782 3
785 786 3
763 764 3
769 770 3
778 779 3
786 787 3
761 798 3
727 798 3
763 798 3
783 819 3
784 819 3
785 821 3
782 819 3
784 821 3
778 815 3
779 815 3
761 833 3
763 835 3
784 820 3
786 821 3
760 796 3
763 800 3
764 800 3
820 821 3
756 792 3
757 793 3
758 794 3
759 795 3
761 796 3
765 801 0
765 802 3
766 802 3
772 808 3
773 808 3
774 810 3
775 811 3
776 812 3
777 812 3
777 813 3
780 816 3
781 817 3
782 818 3
819 820 3
786 822 3
787 823 3
788 824 3
789 825 3
790 826 3
791 827 3
792 793 3
793 794 3
794 795 3
795 796 3
800 801 0
769 805 3
770 807 3
771 807 3
771 808 3
773 810 3
810 811 3
775 812 3
812 813 3
778 813 3
779 816 3
816 817 3
817 818 3
818 819 3
821 822 3
822 823 3
823 824 3
824 825 3
825 826 3
791 826 3
798 833 3
801 802 1
767 802 3
767 803 3
770 805 3
811 812 3
826 827 3
800 835 3
802 803 3
768 803 3
768 804 3
768 805 3
803 804 3
807 808 3
804 805 3
815 816 3
796 833 3
770 842 3
807 842 3
805 842 3
773 845 3
798 835 3
808 845 3
813 815 3
810 845 3
813 850 3
815 850 3
815 851 3
850 851 3
816 851 3
816 852 3
817 853 3
798 834 3
851 852 3
816 853 3
818 853 3
818 854 3
833 834 3
834 835 3
803 839 3
804 839 3
804 840 3
805 840 3
808 844 3
852 853 3
819 855 3
821 857 3
822 857 3
792 828 3
793 829 3
794 830 3
795 831 3
796 832 3
800 837 3
801 837 1
802 838 3
802 839 3
807 843 3
844 845 3
810 846 3
811 847 3
812 848 3
813 849 3
853 854 3
854 855 3
820 856 3
827 863 3
828 829 3
829 830 3
830 831 3
831 832 3
832 833 3
800 836 3
837 838 1
838 839 3
842 843 3
843 844 3
845 846 3
846 847 3
847 848 3
848 849 3
849 850 3
855 856 3
821 856 3
822 859 3
823 859 3
825 861 3
826 863 3
835 836 3
836 837 3
839 840 3
856 857 3
822 858 3
824 860 3
857 858 3
858 859 3
823 860 3
860 861 3
826 861 3
859 860 3
826 898 3
840 842 3
861 898 3
863 898 3
840 877 1
842 877 1
842 878 1
843 880 1
844 880 1
845 881 3
863 899 3
843 878 1
844 881 3
854 890 3
855 890 3
898 899 3
877 878 3
878 880 3
840 876 1
852 889 3
853 889 3
834 871 3
835 871 3
876 877 3
879 880 3
846 881 3
855 892 3
856 892 3
859 895 3
834 870 3
836 872 3
838 874 3
878 879 3
880 881 0
847 883 3
848 883 3
852 888 3
854 889 3
860 895 3
828 864 3
829 865 3
830 866 3
831 867 3
832 868 3
833 869 3
833 870 3
835 872 3
837 873 0
839 874 3
839 876 1
846 882 3
848 884 3
849 885 3
850 886 3
851 887 3
851 888 3
857 893 3
858 894 3
860 896 3
861 897 3
864 865 3
865 866 3
866 867 3
867 868 3
868 869 3
869 870 3
872 873 0
838 873 0
839 875 1
881 882 3
847 882 3
883 884 3
884 885 3
885 886 3
886 887 3
888 889 3
892 893 3
893 894 3
894 895 3
895 896 3
896 897 3
897 898 3
871 872 3
873 874 1
875 876 3
887 888 3
870 871 3
874 875 1
882 883 3
889 890 3
890 892 3
870 906 3
892 927 3
890 927 3
871 906 3
898 934 3
892 928 3
893 928 3
897 934 3
885 921 3
886 921 3
899 935 3
876 912 3
876 913 3
883 919 3
884 919 3
884 921 3
898 935 3
875 912 3
877 913 3
881 917 1
881 918 3
882 918 3
889 926 3
890 926 3
896 932 3
864 900 3
865 901 3
866 902 3
867 903 3
868 904 3
869 905 3
870 905 3
871 907 3
872 908 3
873 909 1
874 910 0
875 911 0
878 913 3
880 916 3
880 917 3
917 918 0
888 926 3
894 930 3
895 930 3
895 932 3
934 935 3
900 901 3
901 902 3
902 903 3
903 904 3
904 905 3
906 907 3
871 908 3
908 909 3
909 910 3
910 911 3
912 913 3
882 919 3
926 927 3
905 906 3
911 912 1
878 914 2
879 914 2
907 908 3
913 914 3
879 916 3
916 917 3
887 921 3
927 928 3
897 932 3
934 969 3
918 919 3
894 928 3
895 967 3
930 967 3
932 967 3
919 921 3
919 956 1
921 956 1
932 934 3
887 958 1
888 961 1
926 961 1
879 951 2
921 958 1
887 959 1
888 959 1
914 951 0
916 951 2
958 959 3
914 949 2
913 949 0
912 949 0
894 965 0
917 953 3
959 961 3
928 965 0
930 965 0
932 969 3
969 970 3
916 952 3
918 953 1
918 955 1
919 955 1
928 964 0
934 970 3
935 970 3
917 952 3
927 963 0
927 964 0
951 952 1
926 963 0
935 971 3
900 936 3
901 937 3
902 938 3
903 939 3
904 940 3
905 941 3
906 942 3
907 942 3
908 944 3
909 945 3
910 946 3
911 947 3
912 948 0
952 953 3
921 957 0
960 961 1
926 962 0
930 966 3
970 971 3
936 937 3
937 938 3
938 939 3
939 940 3
940 941 3
906 941 3
944 945 3
945 946 3
946 947 3
947 948 3
948 949 1
914 950 0
918 954 0
955 956 3
956 957 0
959 960 0
961 962 0
962 963 3
963 964 3
964 965 3
965 966 1
966 967 3
941 942 3
907 944 3
949 950 2
950 951 2
953 954 0
954 955 1
957 958 1
907 943 3
942 943 3
943 944 3
967 969 3
961 997 0
955 992 3
956 992 3
960 997 2
967 1004 3
957 992 1
962 997 1
962 998 1
969 1004 3
957 994 1
958 994 3
960 996 1
966 1002 0
948 984 1
950 987 3
951 987 0
959 996 3
963 998 1
964 1000 3
965 1000 3
965 1001 3
966 1001 0
967 1002 0
969 1005 3
970 1005 3
947 984 1
949 984 3
950 986 3
952 987 0
953 989 3
954 989 1
954 990 1
1001 1002 3
970 1006 0
971 1006 0
936 972 3
937 973 3
938 974 3
939 975 3
940 976 3
944 980 3
945 981 0
946 982 1
947 983 1
949 985 3
949 986 2
952 988 3
955 990 3
955 991 3
959 994 3
959 995 3
963 999 3
964 999 3
967 1003 0
971 1007 0
972 973 3
973 974 3
974 975 3
975 976 3
941 976 3
941 978 3
942 978 3
943 980 3
980 981 0
981 982 1
982 983 2
983 984 1
984 985 3
985 986 2
988 989 3
991 992 3
994 995 3
995 996 3
997 998 1
1000 1001 3
1002 1003 3
1003 1004 1
1005 1006 0
1006 1007 0
941 977 3
986 987 3
987 988 1
990 991 3
998 999 0
999 1000 3
976 977 3
977 978 3
943 978 3
989 990 3
992 993 3
957 993 1
996 997 0
993 994 3
1004 1005 3
978 979 3
943 979 3
979 980 3
992 1028 3
996 1032 3
989 1026 3
990 1026 3
991 1026 3
991 1028 3
992 1029 3
993 1029 3
998 1034 0
994 1029 3
995 1031 3
995 1032 3
999 1034 3
1007 1043 0
989 1025 3
994 1031 3
997 1032 1
997 1034 2
999 1035 3
1006 1043 0
972 1008 1
973 1009 1
974 1010 1
975 1011 1
976 1012 1
977 1013 1
978 1014 1
979 1015 1
980 1016 1
981 1017 1
982 1018 1
983 1019 1
984 1020 1
985 1021 1
986 1022 1
987 1023 1
987 1024 1
988 1024 3
988 1025 3
1025 1026 3
991 1027 3
994 1030 3
997 1033 0
1000 1035 3
1000 1036 3
1001 1037 3
1002 1038 3
1003 1039 3
1004 1040 0
1005 1041 0
1006 1042 3
1008 1009 3
1009 1010 3
1010 1011 3
1011 1012 3
1012 1013 3
1013 1014 3
1014 1015 3
1015 1016 3
1016 1017 3
1017 1018 3
1018 1019 3
1019 1020 3
1020 1021 3
1021 1022 3
1022 1023 3
1023 1024 3
1024 1025 3
1026 1027 3
1027 1028 3
1030 1031 3
1031 1032 3
1032 1033 0
1033 1034 1
1035 1036 3
1036 1037 3
1037 1038 3
1038 1039 3
1039 1040 3
1040 1041 3
1041 1042 3
1042 1043 0
1028 1029 3
1029 1030 3
1034 1035 3
