0 1 3
1 2 3
2 3 3
3 4 3
4 5 3
5 6 3
6 7 1
7 8 3
8 9 3
9 10 3
10 11 3
11 12 3
12 13 3
13 14 3
14 15 3
15 16 3
16 17 3
17 18 3
18 19 3
19 20 3
20 21 3
21 22 3
22 23 3
23 24 3
24 25 0
25 26 3
26 27 3
27 28 3
28 29 3
29 30 3
30 31 3
31 32 3
32 33 3
33 34 3
34 35 3
25 60 1
24 60 3
0 36 3
1 37 3
2 38 3
3 39 3
4 40 3
5 41 3
6 42 3
7 43 3
8 44 3
9 45 3
10 46 3
11 47 3
12 48 3
13 49 3
14 50 3
15 51 3
16 52 3
17 53 3
18 54 3
19 55 3
20 56 3
21 57 3
22 58 3
23 59 3
25 61 3
26 62 3
27 63 3
28 64 3
29 65 3
30 66 3
31 67 3
32 68 3
33 69 3
34 70 3
35 71 3
36 37 3
37 38 3
38 39 3
39 40 3
40 41 3
41 42 3
42 43 1
43 44 3
44 45 3
45 46 3
46 47 3
47 48 3
48 49 3
49 50 3
50 51 3
51 52 3
52 53 3
53 54 3
54 55 3
55 56 3
56 57 3
57 58 3
58 59 3
59 60 3
61 62 3
62 63 3
63 64 3
64 65 3
65 66 3
66 67 3
67 68 3
68 69 3
69 70 3
70 71 3
60 61 0
60 96 3
61 96 1
61 97 3
62 97 3
42 78 3
59 96 3
69 105 3
36 72 3
37 73 3
38 74 3
39 75 3
40 76 3
41 77 3
43 79 3
44 80 3
45 81 3
46 82 3
47 83 3
48 84 3
49 85 3
50 86 3
51 87 3
52 88 3
53 89 3
54 90 3
55 91 3
56 92 3
57 93 3
58 94 3
59 95 3
68 105 3
70 106 3
71 107 3
72 73 3
73 74 3
74 75 3
75 76 3
76 77 3
77 78 3
78 79 1
79 80 3
80 81 3
81 82 3
82 83 3
83 84 3
84 85 3
85 86 3
86 87 3
87 88 3
88 89 3
89 90 3
90 91 3
91 92 3
92 93 3
93 94 3
94 95 3
95 96 3
105 106 3
106 107 3
96 97 0
62 98 3
63 98 3
63 65 3
65 67 3
97 98 3
67 105 3
98 135 1
65 98 3
65 135 1
65 136 1
65 138 1
67 138 1
67 139 1
67 140 1
136 138 3
138 139 3
139 140 3
135 136 3
137 138 3
105 140 1
97 135 1
136 137 3
96 133 3
97 133 1
105 141 3
97 170 1
135 170 3
140 141 0
72 108 3
73 109 3
74 110 3
75 111 3
76 112 3
77 113 3
78 114 3
79 115 3
80 116 3
81 117 3
82 118 3
83 119 3
84 120 3
85 121 3
86 122 3
87 123 3
88 124 3
89 125 3
90 126 3
91 127 3
92 128 3
93 129 3
94 130 3
95 131 3
96 132 3
106 142 3
107 143 3
108 109 3
109 110 3
110 111 3
111 112 3
112 113 3
113 114 3
114 115 1
115 116 3
116 117 3
117 118 3
118 119 3
119 120 3
120 121 3
121 122 3
122 123 3
123 124 3
124 125 3
125 126 3
126 127 3
127 128 3
128 129 3
129 130 3
130 131 3
131 132 3
133 170 3
141 142 3
142 143 3
132 133 3
138 174 3
137 174 3
139 174 3
140 175 3
141 177 3
136 172 3
139 175 3
140 177 0
108 144 1
109 145 1
110 146 1
111 147 1
112 148 1
113 149 1
114 150 1
115 151 3
116 152 3
117 153 3
118 154 3
119 155 3
120 156 3
121 157 3
122 158 3
123 159 3
124 160 3
125 160 3
125 161 3
126 162 3
127 163 3
128 164 3
129 165 3
130 166 3
131 167 3
132 168 3
133 169 3
169 170 3
135 171 3
135 172 3
137 173 3
142 178 3
143 179 3
144 145 3
145 146 3
146 147 3
147 148 3
148 149 3
149 150 3
150 151 3
151 152 3
152 153 3
153 154 3
154 155 3
155 156 3
156 157 3
157 158 3
158 159 3
159 160 3
161 162 3
162 163 3
163 164 3
164 165 3
165 166 3
166 167 3
167 168 3
168 169 3
170 171 3
171 172 3
172 173 3
174 175 3
177 178 3
178 179 3
160 161 3
173 174 3
140 213 0
177 213 3
175 212 3
140 212 3
175 211 3
174 210 3
174 211 3
212 213 0
177 214 3
170 206 3
173 210 3
178 214 3
144 180 3
145 181 3
146 182 3
147 183 3
148 184 3
149 185 3
150 186 3
151 187 3
152 188 3
153 189 3
154 190 3
155 191 3
156 192 3
157 193 3
158 194 3
159 195 3
160 196 3
161 197 3
162 198 3
163 199 3
164 200 3
165 201 3
166 202 3
167 203 3
168 204 3
169 205 3
171 206 3
171 207 3
172 208 3
173 209 3
211 212 3
179 215 3
180 181 3
181 182 3
182 183 3
183 184 3
184 185 3
185 186 3
186 187 3
187 188 3
188 189 3
189 190 3
190 191 3
191 192 3
192 193 3
193 194 3
194 195 3
195 196 3
196 197 3
197 198 3
198 199 3
199 200 3
200 201 3
201 202 3
202 203 3
203 204 3
204 205 3
170 205 3
207 208 3
208 209 3
210 211 3
214 215 3
206 207 3
209 210 3
213 214 3
205 206 3
213 249 3
214 249 3
206 243 3
207 243 3
212 249 0
205 241 3
208 243 3
211 247 3
212 247 3
180 216 3
181 217 3
182 218 3
183 219 3
184 220 3
185 221 3
186 222 3
187 223 3
188 224 3
189 225 3
190 226 3
191 227 3
192 228 3
193 229 3
194 230 3
195 231 3
196 232 3
197 233 3
198 234 3
199 235 3
200 236 3
201 237 3
202 238 3
203 239 3
204 240 3
206 241 3
208 244 3
209 245 3
210 246 3
214 250 3
215 251 3
216 217 3
217 218 3
218 219 3
219 220 3
220 221 3
221 222 3
222 223 3
223 224 3
224 225 3
225 226 3
226 227 3
227 228 3
228 229 3
229 230 3
230 231 3
231 232 3
232 233 3
233 234 3
234 235 3
235 236 3
236 237 3
237 238 3
238 239 3
239 240 3
240 241 3
244 245 3
245 246 3
246 247 3
212 283 3
249 283 1
250 251 3
206 242 3
242 243 3
249 250 3
243 244 3
247 283 3
241 242 3
249 284 3
283 284 0
229 265 3
230 265 3
246 282 3
247 282 3
216 252 3
217 253 3
218 254 3
219 255 3
220 256 3
221 257 3
222 258 3
223 259 3
224 260 3
225 261 3
226 262 3
227 263 3
228 264 3
231 267 3
234 270 3
235 271 3
236 272 3
237 273 3
238 274 3
239 275 3
240 276 3
241 277 3
242 278 3
243 279 3
244 280 3
245 281 3
249 285 3
250 286 3
252 253 3
253 254 3
254 255 3
255 256 3
256 257 3
257 258 3
258 259 3
259 260 3
260 261 3
261 262 3
262 263 3
263 264 3
264 265 3
230 266 3
230 267 3
233 270 3
270 271 3
271 272 3
272 273 3
273 274 3
274 275 3
275 276 3
276 277 3
277 278 3
278 279 3
279 280 3
280 281 3
281 282 3
284 285 3
285 286 3
251 286 3
251 287 3
266 267 3
232 267 3
286 287 3
232 268 3
267 268 3
233 268 3
282 283 3
265 266 3
268 270 3
270 305 3
268 305 3
265 302 3
266 302 3
284 321 3
264 300 3
270 306 3
283 355 3
284 355 1
285 321 3
263 300 3
267 304 3
268 304 3
305 306 3
279 316 3
280 316 3
282 318 3
282 319 3
283 319 3
252 288 3
253 289 3
254 290 3
255 291 3
256 292 3
257 293 3
258 294 3
259 295 3
260 296 3
261 297 3
262 298 3
263 299 3
265 301 3
271 307 3
272 308 3
273 309 3
274 310 3
275 311 3
276 312 3
277 313 3
278 314 3
279 315 3
281 317 3
281 318 3
286 322 3
287 323 3
288 289 3
289 290 3
290 291 3
291 292 3
292 293 3
293 294 3
294 295 3
295 296 3
296 297 3
297 298 3
298 299 3
300 301 3
301 302 3
267 303 3
270 307 3
307 308 3
308 309 3
309 310 3
310 311 3
311 312 3
312 313 3
313 314 3
314 315 3
316 317 3
321 322 3
322 323 3
266 303 3
317 318 3
318 319 3
299 300 3
302 303 3
306 307 3
315 316 3
319 355 3
303 304 3
321 355 1
304 305 3
321 356 3
355 356 0
313 350 3
314 350 3
315 350 3
318 354 3
318 355 3
288 324 3
289 325 3
290 326 3
291 327 3
292 328 3
293 329 3
294 330 3
295 331 3
296 332 3
297 333 3
298 334 3
299 335 3
300 336 3
301 337 3
302 338 3
303 339 3
304 340 3
305 341 3
306 342 3
307 343 3
308 344 3
309 344 3
309 345 3
310 346 3
311 347 3
312 348 3
313 348 3
315 351 3
316 351 3
316 352 3
317 353 3
317 354 3
321 357 3
322 358 3
323 359 3
324 325 3
325 326 3
326 327 3
327 328 3
328 329 3
329 330 3
330 331 3
331 332 3
332 333 3
333 334 3
334 335 3
299 336 3
336 337 3
337 338 3
338 339 3
339 340 3
340 341 3
341 342 3
342 343 3
343 344 3
345 346 3
346 347 3
347 348 3
352 353 3
356 357 3
357 358 3
358 359 3
335 336 3
351 352 3
353 354 3
354 355 3
344 345 3
313 384 3
348 384 3
350 351 3
350 384 3
355 391 3
356 391 1
354 391 3
356 392 3
391 392 0
357 392 3
344 380 3
350 386 3
351 386 3
352 388 3
324 360 3
325 361 3
326 362 3
327 363 3
328 364 3
329 365 3
330 366 3
331 367 3
332 368 3
333 369 3
334 370 3
335 371 3
336 372 3
337 373 3
338 374 3
339 375 3
340 376 3
341 377 3
342 378 3
343 379 3
343 380 3
345 381 3
346 382 3
347 383 3
347 384 3
386 387 3
351 387 3
351 388 3
353 389 3
354 390 3
357 393 3
358 394 3
359 395 3
360 361 3
361 362 3
362 363 3
363 364 3
364 365 3
365 366 3
366 367 3
367 368 3
368 369 3
369 370 3
370 371 3
371 372 3
372 373 3
373 374 3
374 375 3
375 376 3
376 377 3
377 378 3
378 379 3
379 380 3
380 381 3
381 382 3
382 383 3
383 384 3
384 386 3
387 388 3
388 389 3
389 390 3
390 391 3
392 393 3
393 394 3
394 395 3
384 385 3
385 386 3
385 421 3
386 421 1
386 423 3
387 423 3
388 424 3
391 427 3
383 420 3
384 420 3
386 458 1
387 424 3
392 427 1
385 420 3
360 396 3
361 397 3
362 398 3
363 399 3
364 400 3
365 401 3
366 402 3
367 403 3
368 404 3
369 405 3
370 406 3
371 407 3
372 408 3
373 409 3
374 410 3
375 411 3
376 412 3
377 413 3
378 414 3
379 415 3
380 416 3
381 417 3
382 418 3
383 419 3
389 425 3
390 426 3
392 428 3
393 429 3
394 430 3
395 431 3
396 397 3
397 398 3
398 399 3
399 400 3
400 401 3
401 402 3
402 403 3
403 404 3
404 405 3
405 406 3
406 407 3
407 408 3
408 409 3
409 410 3
410 411 3
411 412 3
412 413 3
413 414 3
414 415 3
415 416 3
416 417 3
417 418 3
418 419 3
424 425 3
425 426 3
427 428 0
428 429 3
429 430 3
430 431 3
419 420 3
423 458 1
390 427 3
423 424 3
420 421 3
421 458 3
426 427 3
427 463 3
428 463 1
420 457 3
421 457 3
409 445 3
396 432 3
397 433 3
398 434 3
399 435 3
400 436 3
401 437 3
402 438 3
403 439 3
404 440 3
405 441 3
406 442 3
407 443 3
408 444 3
410 445 3
410 446 3
411 447 3
412 448 3
413 449 3
414 450 3
415 451 3
416 452 3
417 453 3
418 454 3
419 455 3
420 456 3
423 459 3
424 460 3
425 461 3
426 462 3
428 464 3
429 465 3
430 466 3
431 467 3
432 433 3
433 434 3
434 435 3
435 436 3
436 437 3
437 438 3
438 439 3
439 440 3
440 441 3
441 442 3
442 443 3
443 444 3
444 445 3
446 447 3
447 448 3
448 449 3
449 450 3
450 451 3
451 452 3
452 453 3
453 454 3
454 455 3
455 456 3
456 457 3
457 458 3
458 459 0
459 460 3
460 461 3
461 462 3
462 463 3
463 464 0
464 465 3
465 466 3
466 467 3
445 446 3
452 488 3
443 480 3
444 480 3
451 488 3
458 530 0
452 489 3
453 489 3
459 530 3
467 503 3
432 468 3
433 469 3
434 470 3
435 471 3
436 472 3
437 473 3
438 474 3
439 475 3
440 476 3
441 477 3
442 478 3
443 479 3
445 481 3
446 482 3
447 483 3
448 484 3
449 485 3
450 486 3
451 487 3
454 490 3
455 491 3
456 492 3
457 493 3
459 495 3
460 495 3
460 496 3
461 497 3
462 498 3
463 499 3
464 500 3
465 501 3
466 502 3
468 469 3
469 470 3
470 471 3
471 472 3
472 473 3
473 474 3
474 475 3
475 476 3
476 477 3
477 478 3
478 479 3
479 480 3
480 481 3
481 482 3
482 483 3
483 484 3
484 485 3
485 486 3
486 487 3
487 488 3
489 490 3
490 491 3
491 492 3
492 493 3
458 493 3
495 530 3
496 497 3
497 498 3
498 499 3
464 499 1
500 501 3
501 502 3
502 503 3
499 500 0
488 489 3
495 496 3
499 535 3
500 535 1
458 494 3
493 494 3
494 530 0
479 516 3
492 529 3
493 529 3
480 516 3
495 531 3
468 504 3
469 505 3
470 506 3
471 507 3
472 508 3
473 509 3
474 510 3
475 511 3
476 512 3
477 513 3
478 514 3
479 515 3
515 516 3
481 517 3
482 518 3
483 519 3
484 520 3
485 521 3
486 522 3
487 523 3
488 524 3
489 525 3
490 526 3
491 527 3
492 528 3
496 531 3
496 532 3
497 533 3
498 534 3
499 534 3
500 537 3
501 537 3
502 538 3
503 539 3
504 505 3
505 506 3
506 507 3
507 508 3
508 509 3
509 510 3
510 511 3
511 512 3
512 513 3
513 514 3
514 515 3
516 517 3
517 518 3
518 519 3
519 520 3
520 521 3
521 522 3
522 523 3
523 524 3
524 525 3
525 526 3
526 527 3
527 528 3
494 529 3
531 532 3
532 533 3
533 534 3
500 536 3
537 538 3
538 539 3
528 529 3
534 535 3
535 536 0
536 537 3
530 531 3
535 571 3
494 565 3
529 565 3
537 573 3
536 571 1
536 573 3
517 554 3
518 554 3
537 574 3
538 574 3
504 540 3
505 541 3
506 542 3
507 543 3
508 544 3
509 545 3
510 546 3
511 547 3
512 548 3
513 549 3
514 550 3
515 551 3
516 552 3
517 553 3
519 555 3
520 556 3
521 557 3
522 557 3
522 558 3
523 559 3
524 560 3
525 560 3
525 561 3
526 562 3
527 563 3
528 564 3
494 566 0
530 566 3
530 567 3
531 567 3
532 568 3
533 569 3
534 570 3
539 575 3
540 541 3
541 542 3
542 543 3
543 544 3
544 545 3
545 546 3
546 547 3
547 548 3
548 549 3
549 550 3
550 551 3
551 552 3
552 553 3
553 554 3
554 555 3
555 556 3
556 557 3
558 559 3
559 560 3
561 562 3
562 563 3
563 564 3
564 565 3
567 568 3
568 569 3
569 570 3
570 571 3
571 644 3
536 644 1
574 575 3
566 567 3
573 574 3
560 561 3
557 558 3
573 644 1
609 644 1
573 609 3
571 607 3
556 592 3
570 606 3
571 606 3
607 644 3
574 609 3
553 589 3
555 592 3
557 592 3
566 602 3
540 576 3
541 577 3
542 578 3
543 579 3
544 580 3
545 581 3
546 582 3
547 583 3
548 584 3
549 585 3
550 586 3
551 587 3
552 588 3
552 589 3
554 590 3
555 591 3
557 593 3
558 594 3
559 595 3
560 595 3
560 596 3
561 597 3
562 598 3
563 599 3
564 600 3
565 601 3
494 602 0
566 603 3
567 603 3
568 604 3
569 605 3
574 610 3
575 611 3
576 577 3
577 578 3
578 579 3
579 580 3
580 581 3
581 582 3
582 583 3
583 584 3
584 585 3
585 586 3
586 587 3
587 588 3
589 590 3
590 591 3
592 593 3
593 594 3
594 595 3
596 597 3
597 598 3
598 599 3
599 600 3
600 601 3
603 604 3
604 605 3
605 606 3
610 611 3
588 589 3
591 592 3
602 603 3
606 607 3
609 610 3
494 601 3
595 596 3
601 602 0
609 645 3
610 645 3
607 643 3
576 612 3
577 613 3
578 614 3
579 615 3
580 616 3
581 617 3
582 618 3
583 619 3
584 620 3
585 621 3
586 622 3
587 623 3
588 624 3
589 625 3
590 626 3
591 627 3
592 628 3
593 629 3
594 630 3
595 631 3
596 632 3
597 633 3
598 634 3
599 635 3
600 636 3
601 637 3
602 638 3
603 639 3
604 640 3
605 641 3
606 642 3
643 644 3
610 646 3
611 647 3
612 613 3
613 614 3
614 615 3
615 616 3
616 617 3
617 618 3
618 619 3
619 620 3
620 621 3
621 622 3
622 623 3
623 624 3
624 625 3
590 625 3
626 627 3
627 628 3
628 629 3
629 630 3
595 630 3
631 632 3
632 633 3
633 634 3
634 635 3
635 636 3
636 637 3
602 637 1
638 639 3
639 640 3
640 641 3
641 642 3
642 643 3
645 646 3
646 647 3
637 638 0
625 626 3
644 645 0
630 631 3
645 681 3
644 681 0
638 674 3
637 674 0
639 675 3
643 679 3
644 679 3
645 682 3
646 682 3
612 648 3
613 649 3
614 650 3
615 651 3
616 652 3
617 653 3
618 654 3
619 655 3
620 656 3
621 657 3
622 658 3
623 659 3
624 660 3
625 661 3
626 662 3
627 663 3
628 664 3
629 665 3
630 666 3
631 667 3
632 668 3
633 669 3
634 670 3
635 671 3
636 672 3
637 673 3
639 674 3
640 675 3
640 676 3
641 677 3
642 678 3
681 682 3
647 683 3
648 649 3
649 650 3
650 651 3
651 652 3
652 653 3
653 654 3
654 655 3
655 656 3
656 657 3
657 658 3
658 659 3
659 660 3
660 661 3
661 662 3
662 663 3
663 664 3
664 665 3
665 666 3
666 667 3
667 668 3
668 669 3
669 670 3
670 671 3
671 672 3
672 673 3
673 674 0
675 676 3
676 677 3
677 678 3
678 679 3
644 716 3
682 683 3
674 675 3
681 716 1
679 716 3
716 717 0
681 717 1
682 717 1
673 710 0
674 710 3
648 684 3
649 685 3
650 686 3
651 687 3
652 688 3
653 689 3
654 690 3
655 691 3
655 692 3
656 692 3
657 693 3
658 694 3
659 695 3
660 695 3
660 697 3
661 697 3
662 698 3
663 699 3
664 700 3
665 701 3
666 702 3
667 703 3
668 704 3
669 705 3
670 706 3
671 707 3
672 708 3
673 709 3
675 711 3
676 712 3
677 713 3
678 714 3
679 715 3
684 685 3
685 686 3
686 687 3
687 688 3
688 689 3
689 690 3
690 691 3
692 693 3
693 694 3
694 695 3
697 698 3
698 699 3
699 700 3
700 701 3
701 702 3
702 703 3
703 704 3
704 705 3
705 706 3
706 707 3
707 708 3
708 709 3
710 711 3
711 712 3
712 713 3
713 714 3
714 715 3
709 710 0
715 716 3
683 717 1
683 718 1
691 692 3
717 718 2
683 719 1
718 719 3
695 697 3
695 732 3
697 732 3
716 718 2
691 728 3
692 728 3
699 735 3
700 735 3
710 746 2
690 726 3
691 726 3
698 735 3
716 753 2
718 753 3
718 754 3
719 754 3
684 720 3
685 721 3
686 722 3
687 723 3
688 724 3
689 725 3
693 728 3
693 730 3
694 730 3
695 731 3
697 733 3
698 733 3
700 737 3
701 737 3
702 738 3
703 739 3
704 740 3
705 741 3
706 742 3
707 743 3
708 744 3
709 745 3
715 751 3
716 751 3
716 752 2
719 755 3
720 721 3
721 722 3
722 723 3
723 724 3
724 725 3
725 726 3
695 730 3
731 732 3
735 737 3
737 738 3
738 739 3
739 740 3
740 741 3
741 742 3
742 743 3
743 744 3
744 745 3
711 747 3
712 747 3
714 751 3
752 753 3
754 755 3
730 731 3
732 733 3
709 746 0
710 747 3
745 746 3
746 747 3
712 749 3
713 749 3
714 749 3
751 752 3
753 754 3
726 728 3
749 751 3
728 730 3
733 735 3
747 749 3
749 787 1
751 787 1
728 765 3
730 765 3
746 782 1
747 784 1
749 784 1
726 765 3
741 778 1
745 782 1
747 782 1
751 788 1
752 788 1
753 789 2
753 790 2
754 790 2
738 774 1
742 778 1
743 778 1
743 779 1
745 781 1
747 783 1
749 785 1
749 786 1
786 787 3
787 788 3
788 789 3
754 791 2
755 791 2
720 756 3
721 757 3
722 758 3
723 759 3
724 760 3
725 761 3
726 762 3
731 767 3
739 774 1
739 776 1
740 776 1
740 777 1
741 777 1
744 779 1
744 780 1
781 782 3
782 783 3
783 784 3
756 757 3
757 758 3
758 759 3
759 760 3
760 761 3
761 762 3
765 801 3
732 767 3
732 771 3
733 771 3
737 807 3
737 773 1
776 777 3
777 778 3
778 779 3
779 780 3
745 780 2
784 785 3
785 786 3
790 791 3
762 765 3
765 802 3
730 802 3
767 768 3
732 768 3
735 771 3
735 807 3
773 807 3
738 773 1
739 775 1
775 776 3
789 790 3
762 800 3
765 800 3
730 767 3
732 805 3
771 807 3
774 775 3
801 802 3
767 802 3
768 805 3
771 805 3
773 774 3
780 781 3
773 808 3
807 808 3
781 817 3
800 801 3
771 806 3
773 809 3
780 817 3
805 806 3
774 809 3
788 824 3
786 822 3
789 824 3
799 800 3
787 822 3
787 824 3
756 792 3
757 793 3
758 794 3
759 795 3
760 796 3
761 797 3
762 798 3
798 800 3
768 804 3
808 809 3
774 811 3
775 811 3
776 812 3
777 813 3
778 814 3
779 815 3
780 816 3
816 817 3
782 818 3
783 819 3
784 820 3
785 821 3
789 825 3
790 826 3
791 827 3
792 793 3
793 794 3
794 795 3
795 796 3
796 797 3
797 798 3
767 803 3
767 804 3
804 805 3
811 812 3
812 813 3
813 814 3
814 815 3
779 816 3
817 818 3
818 819 3
819 820 3
820 821 3
786 821 3
787 823 3
824 825 3
825 826 3
826 827 3
798 799 3
815 816 3
822 823 3
802 803 3
803 804 3
774 810 3
821 822 3
823 824 3
806 807 3
809 810 3
810 811 3
800 836 3
801 836 3
802 838 3
803 838 3
807 843 3
801 838 3
806 843 3
808 843 3
805 841 3
801 837 3
804 841 3
806 841 3
827 863 3
792 828 3
793 829 3
794 830 3
795 831 3
796 832 3
797 833 3
798 834 3
799 834 3
837 838 3
803 839 3
804 840 3
806 842 3
808 844 3
809 845 3
810 845 3
810 847 3
811 847 3
812 848 3
813 849 3
814 850 3
815 851 3
816 851 3
816 852 3
817 853 3
818 854 3
819 855 3
820 856 3
821 857 3
822 858 3
823 859 3
824 860 3
825 861 3
826 862 3
826 863 3
828 829 3
829 830 3
830 831 3
831 832 3
832 833 3
833 834 3
799 835 3
799 836 3
836 837 3
838 839 3
839 840 3
840 841 3
841 842 3
842 843 3
843 844 3
844 845 3
810 846 3
847 848 3
848 849 3
849 850 3
850 851 3
852 853 3
853 854 3
854 855 3
855 856 3
856 857 3
857 858 3
858 859 3
859 860 3
860 861 3
861 862 3
834 835 3
835 836 3
851 852 3
862 863 3
845 846 3
846 847 3
848 884 3
862 899 3
849 884 3
863 899 3
834 871 3
838 874 3
861 897 3
828 864 3
829 865 3
830 866 3
831 867 3
832 868 3
833 869 3
834 870 3
835 871 3
837 873 3
837 874 3
839 875 3
840 876 3
841 877 3
842 877 3
842 878 3
843 879 3
844 880 3
845 881 3
846 881 3
846 882 3
847 883 3
849 885 3
850 886 3
851 887 3
853 889 3
854 890 3
855 891 3
856 891 3
856 892 3
857 893 3
858 894 3
859 895 3
860 896 3
860 897 3
862 898 3
864 865 3
865 866 3
866 867 3
867 868 3
868 869 3
869 870 3
870 871 3
835 872 3
836 872 3
874 875 3
841 876 3
878 879 3
843 880 3
881 882 3
882 883 3
885 886 3
850 887 3
851 888 3
852 888 3
852 889 3
853 890 3
892 893 3
893 894 3
894 895 3
895 896 3
896 897 3
897 898 3
898 899 3
840 875 3
876 877 3
847 884 3
889 890 3
855 890 3
891 892 3
871 872 3
872 873 3
845 880 3
884 885 3
886 887 3
888 889 3
890 891 3
879 880 3
883 884 3
887 888 3
873 874 3
875 876 3
877 878 3
880 881 3
898 934 3
876 912 3
888 924 3
899 934 3
864 900 3
865 901 3
866 902 3
867 903 3
868 904 3
869 905 3
870 906 3
871 907 3
872 908 3
873 909 3
874 910 3
875 911 3
875 912 3
877 913 3
878 914 3
879 915 3
880 916 3
881 917 3
882 918 3
883 919 3
884 920 3
885 921 3
886 922 3
887 923 3
887 924 3
889 925 3
890 926 3
891 927 3
892 928 3
893 929 3
894 930 3
895 931 3
896 932 3
897 933 3
897 934 3
899 935 3
900 901 3
901 902 3
902 903 3
903 904 3
904 905 3
905 906 3
906 907 3
907 908 3
908 909 3
909 910 3
910 911 3
911 912 3
912 913 3
913 914 3
914 915 3
915 916 3
916 917 3
917 918 3
918 919 3
919 920 3
920 921 3
921 922 3
922 923 3
924 925 3
925 926 3
926 927 3
927 928 3
928 929 3
929 930 3
930 931 3
931 932 3
932 933 3
933 934 3
934 935 3
923 924 3
925 961 3
915 951 3
924 961 3
911 948 3
912 948 3
914 951 3
916 951 3
916 953 3
917 953 3
926 962 3
932 968 3
933 968 3
934 971 3
935 971 3
900 936 3
901 937 3
902 938 3
903 939 3
904 940 3
905 941 3
906 942 3
907 943 3
908 944 3
909 945 3
910 946 3
911 947 3
913 949 3
914 950 3
918 954 3
919 955 3
920 956 3
921 957 3
922 958 3
923 959 3
924 959 3
924 960 3
925 962 3
927 963 3
928 964 3
929 965 3
930 966 3
931 967 3
933 969 3
934 970 3
936 937 3
937 938 3
938 939 3
939 940 3
940 941 3
941 942 3
942 943 3
943 944 3
944 945 3
909 946 3
946 947 3
948 949 3
949 950 3
950 951 3
953 954 3
954 955 3
955 956 3
956 957 3
957 958 3
958 959 3
962 963 3
963 964 3
964 965 3
965 966 3
966 967 3
967 968 3
969 970 3
970 971 3
945 946 3
947 948 3
959 960 3
960 961 3
961 962 3
968 969 3
951 953 3
951 988 3
953 988 3
954 990 3
953 990 3
950 987 3
951 987 3
962 998 3
968 1004 3
956 992 3
961 997 3
962 997 3
963 998 3
964 1000 3
965 1000 3
965 1001 3
967 1004 3
944 981 3
945 981 3
946 982 3
947 983 3
948 983 3
949 985 3
957 992 3
966 1001 3
970 1006 3
936 972 3
937 973 3
938 974 3
939 975 3
940 976 3
941 977 3
942 978 3
943 979 3
944 980 3
981 982 3
948 985 3
950 986 3
955 991 3
956 991 3
958 995 3
959 995 3
959 996 3
960 996 3
960 997 3
963 999 3
969 1005 3
970 1007 3
971 1007 3
972 973 3
973 974 3
974 975 3
975 976 3
976 977 3
977 978 3
978 979 3
979 980 3
980 981 3
982 983 3
985 986 3
986 987 3
987 988 3
954 991 3
995 996 3
963 1000 3
966 1003 3
967 1003 3
968 1005 3
969 1006 3
996 997 3
1004 1005 3
1006 1007 3
990 991 3
991 992 3
958 992 3
997 998 3
998 999 3
1000 1001 3
1003 1004 3
999 1000 3
966 1038 3
1001 1038 3
1003 1038 3
1005 1006 3
983 1020 3
948 1020 3
985 1020 3
953 1025 3
990 1025 3
980 1016 3
958 1030 1
988 1025 3
992 1030 1
979 1015 3
979 1016 3
981 1018 3
982 1018 3
982 1019 3
983 1019 3
1019 1020 3
992 1029 1
995 1030 1
997 1033 3
998 1033 3
999 1035 3
1000 1037 3
978 1015 3
1018 1019 3
985 1022 3
986 1022 3
990 1026 1
991 1027 1
992 1028 1
996 1033 3
998 1035 3
1000 1035 3
1001 1037 3
985 1021 3
990 1027 1
1027 1028 3
1029 1030 3
1004 1041 3
1005 1041 3
1006 1042 3
1015 1016 3
981 1017 3
1020 1021 3
1026 1027 3
1028 1029 3
995 1031 3
996 1032 3
1004 1040 3
1006 1041 3
1007 1042 3
972 1008 3
973 1009 3
974 1010 3
975 1011 3
976 1012 3
977 1013 3
978 1014 3
980 1017 3
1021 1022 3
987 1023 3
988 1024 3
1030 1031 0
1031 1032 3
1032 1033 3
998 1034 3
1000 1036 3
1003 1039 3
1003 1040 3
1007 1043 3
1008 1009 3
1009 1010 3
1010 1011 3
1011 1012 3
1012 1013 3
1013 1014 3
1014 1015 3
986 1023 3
1023 1024 3
1024 1025 3
1025 1026 1
1033 1034 3
1034 1035 3
1035 1036 3
1036 1037 3
1037 1038 3
1038 1039 3
1039 1040 3
1040 1041 3
1041 1042 3
1042 1043 3
1017 1018 3
1022 1023 3
