0 1 1
1 2 3
2 3 1
3 4 3
4 5 3
5 6 3
6 7 3
7 8 3
8 9 3
9 10 3
10 11 3
11 12 3
12 13 3
13 14 3
14 15 3
15 16 3
16 17 3
17 18 3
18 19 3
19 20 3
20 21 3
21 22 3
22 23 3
23 24 3
24 25 3
25 26 3
26 27 3
27 28 3
28 29 3
29 30 3
30 31 3
31 32 3
32 33 3
33 35 0
8 45 3
9 45 3
34 35 3
24 60 3
33 34 0
23 60 3
33 69 3
34 69 1
12 49 3
13 49 3
21 57 3
27 64 3
28 64 3
0 36 1
2 38 0
14 49 3
19 56 3
20 56 3
22 57 3
25 60 3
29 65 3
30 66 3
35 71 3
1 36 2
1 38 0
3 39 0
5 41 3
6 42 3
7 43 3
8 44 3
10 46 3
11 47 3
12 48 3
14 50 3
15 51 3
16 52 3
17 53 3
18 54 3
22 58 3
23 59 3
25 61 3
26 62 3
27 63 3
64 65 3
65 66 3
31 67 3
32 68 3
32 69 3
34 71 3
38 39 3
4 39 0
4 40 3
41 42 3
42 43 3
43 44 3
44 45 3
45 46 3
46 47 3
47 48 3
48 49 3
49 50 3
50 51 3
51 52 3
52 53 3
53 54 3
19 54 3
19 55 3
56 57 3
57 58 3
58 59 3
59 60 3
60 61 3
61 62 3
62 63 3
63 64 3
66 67 3
31 68 3
1 37 2
39 40 1
54 55 3
55 56 3
67 68 3
68 69 3
36 37 3
5 40 3
37 38 3
40 41 3
71 107 3
40 76 3
41 76 3
69 142 3
34 142 1
34 107 3
38 74 1
39 75 1
41 77 3
42 77 3
42 78 3
43 79 3
44 80 3
45 81 3
46 82 3
47 83 3
48 84 3
49 85 3
50 86 3
51 87 3
52 88 3
53 89 3
54 90 3
55 91 3
56 92 3
57 93 3
58 94 3
59 95 3
60 96 3
61 97 3
62 98 3
63 99 3
64 100 3
65 101 3
66 102 3
67 103 3
68 104 3
69 105 3
37 74 1
74 75 3
75 76 1
76 77 3
78 79 3
79 80 3
80 81 3
81 82 3
82 83 3
83 84 3
84 85 3
85 86 3
86 87 3
87 88 3
88 89 3
89 90 3
90 91 3
91 92 3
92 93 3
93 94 3
94 95 3
95 96 3
96 97 3
97 98 3
98 99 3
99 100 3
100 101 3
101 102 3
102 103 3
103 104 3
104 105 3
105 142 3
77 78 3
36 72 3
37 73 1
37 72 3
73 74 3
72 73 3
107 178 3
34 178 3
74 110 3
75 110 3
87 123 3
77 149 3
86 123 3
77 113 3
78 114 3
78 115 3
79 115 3
80 116 3
81 117 3
82 118 3
83 119 3
84 120 3
85 120 3
85 121 3
86 121 3
89 125 3
90 125 3
90 126 3
91 127 3
92 128 3
93 129 3
94 130 3
95 131 3
96 132 3
97 133 3
98 134 3
99 135 3
100 136 3
101 137 3
102 138 3
103 139 3
104 140 3
105 141 3
75 112 1
76 112 3
76 149 3
113 114 3
114 115 3
115 116 3
116 117 3
117 118 3
118 119 3
84 119 3
88 123 3
88 124 3
88 125 3
91 126 3
127 128 3
128 129 3
129 130 3
130 131 3
131 132 3
132 133 3
133 134 3
134 135 3
135 136 3
136 137 3
137 138 3
138 139 3
139 140 3
140 141 3
72 109 3
73 109 3
73 110 3
124 125 3
125 126 3
141 142 3
113 149 3
119 120 3
123 124 3
126 127 3
120 121 3
109 110 3
110 112 1
121 123 3
112 149 3
142 178 0
72 324 3
109 324 3
121 156 3
120 156 3
125 162 3
126 162 3
127 162 3
114 149 3
115 151 3
110 145 3
110 253 3
112 253 0
114 150 3
114 151 3
116 152 3
117 153 3
118 154 3
119 154 3
124 160 3
125 161 3
127 163 2
128 164 3
129 165 3
130 166 3
131 167 3
132 168 3
133 169 3
134 170 3
135 171 3
136 172 3
137 173 3
138 174 3
139 175 3
140 176 3
141 177 3
109 145 3
149 150 3
151 152 3
152 153 3
153 154 3
123 159 3
160 161 3
162 163 3
127 164 3
164 165 3
165 166 3
166 167 3
167 168 3
168 169 3
169 170 3
170 171 3
171 172 3
172 173 3
173 174 3
174 175 3
175 176 3
176 177 3
142 177 3
150 151 3
121 158 3
159 160 3
161 162 3
163 164 0
178 179 3
156 157 3
121 157 3
121 159 3
109 144 3
158 159 3
144 324 3
157 158 3
112 184 3
149 184 3
120 154 3
144 145 3
145 253 3
184 253 0
177 178 0
156 192 3
163 200 2
164 200 1
160 231 3
161 231 3
161 234 3
163 199 2
149 186 3
150 186 3
154 156 1
162 234 2
162 199 3
178 215 3
179 215 3
153 189 3
154 189 3
156 191 3
159 231 3
231 234 3
166 202 3
151 186 3
151 187 3
152 188 3
154 190 1
191 192 3
157 229 2
158 229 3
158 194 3
159 194 3
231 232 3
231 233 3
233 234 3
199 234 3
165 200 1
165 202 3
167 203 3
168 204 3
169 205 3
170 206 3
171 207 3
172 208 3
173 209 3
174 210 3
175 211 3
176 212 3
177 213 3
178 250 3
187 188 3
188 189 3
190 191 3
194 229 3
194 231 3
232 233 3
199 200 3
165 201 1
202 203 3
203 204 3
204 205 3
205 206 3
206 207 3
207 208 3
208 209 3
209 210 3
210 211 3
211 212 3
212 213 3
177 250 0
215 250 3
149 221 3
156 229 2
200 201 3
213 250 0
184 221 3
189 190 1
186 187 3
186 221 3
192 229 3
201 202 0
144 253 3
219 253 3
184 219 0
199 235 3
200 235 3
190 226 3
191 228 3
192 228 3
219 220 1
184 220 3
186 223 3
187 223 3
189 225 3
189 226 1
234 235 3
202 238 3
218 253 3
221 222 3
186 222 3
188 224 3
228 229 3
194 230 3
200 236 3
200 237 3
201 237 3
201 238 0
203 239 3
204 240 3
205 241 3
206 242 3
207 243 3
208 244 3
209 245 3
210 246 3
211 247 3
212 248 3
213 249 3
144 252 3
252 253 3
218 219 3
222 223 3
223 224 3
224 225 3
225 226 1
191 226 3
191 227 3
230 231 3
235 236 3
236 237 3
238 239 3
239 240 3
240 241 3
241 242 3
242 243 3
243 244 3
244 245 3
245 246 3
246 247 3
247 248 3
248 249 3
249 250 0
252 324 3
220 221 3
226 227 3
227 228 3
229 230 3
237 238 0
218 252 3
237 274 0
238 274 3
215 323 3
231 267 3
250 323 3
230 267 3
232 267 3
229 265 3
228 265 3
230 265 3
250 286 3
234 270 3
286 323 3
227 263 3
233 270 3
235 270 3
228 263 3
236 272 3
237 272 3
219 255 3
220 256 3
221 257 3
222 258 3
222 259 3
223 259 3
224 260 3
225 261 3
226 262 3
228 264 3
230 266 3
232 268 3
233 269 3
235 271 3
239 275 3
240 276 3
241 277 3
242 278 3
243 279 3
244 280 3
245 281 3
246 282 3
247 283 3
248 284 3
249 285 3
250 285 1
252 254 3
218 255 3
255 256 1
256 257 3
257 258 3
259 260 3
260 261 3
261 262 1
262 263 3
263 264 3
264 265 3
265 266 3
266 267 3
267 268 3
268 269 3
269 270 3
270 271 3
271 272 3
274 275 3
275 276 3
276 277 3
277 278 3
278 279 3
279 280 3
280 281 3
281 282 3
282 283 3
283 284 3
284 285 3
218 254 3
258 259 3
285 286 0
254 255 3
272 274 0
256 364 3
272 309 3
252 325 3
255 364 1
274 309 1
257 293 3
258 294 3
254 325 3
256 293 3
259 294 3
259 295 3
260 296 3
261 297 3
262 298 3
263 299 3
264 300 3
265 301 3
266 302 3
267 303 3
268 304 3
269 305 3
270 306 3
271 307 3
272 308 3
274 310 3
275 311 3
276 312 3
277 313 3
278 314 3
279 315 3
280 316 3
281 317 3
282 318 3
283 319 3
284 320 3
285 321 3
293 294 3
295 296 3
296 297 3
297 298 1
298 299 3
299 300 3
300 301 3
301 302 3
302 303 3
303 304 3
304 305 3
305 306 3
306 307 3
307 308 3
310 311 3
311 312 3
312 313 3
313 314 3
314 315 3
315 316 3
316 317 3
317 318 3
318 319 3
319 320 3
320 321 3
286 321 1
293 364 3
308 309 3
294 295 3
274 346 3
309 346 0
310 346 3
286 358 3
323 358 3
321 358 0
254 364 1
323 359 3
254 397 3
364 397 0
294 331 3
295 331 3
358 359 3
293 329 3
294 329 3
294 330 3
296 332 3
297 333 3
298 334 3
299 335 3
300 336 3
301 337 3
302 338 3
303 339 3
304 340 3
305 341 3
306 342 3
307 343 3
308 344 3
309 344 3
310 347 3
311 347 3
312 348 3
313 349 3
314 350 3
315 351 3
316 352 3
317 353 3
318 354 3
319 355 3
320 356 3
321 357 3
329 364 3
331 332 3
332 333 3
333 334 1
334 335 3
335 336 3
336 337 3
337 338 3
338 339 3
339 340 3
340 341 3
341 342 3
342 343 3
343 344 3
309 345 3
347 348 3
348 349 3
349 350 3
350 351 3
351 352 3
352 353 3
353 354 3
354 355 3
355 356 3
356 357 3
357 358 0
329 330 3
330 331 3
344 345 3
345 346 0
346 347 3
338 374 3
341 377 3
346 382 3
347 382 3
339 374 3
339 376 3
340 376 3
340 377 3
345 382 0
325 360 3
364 399 0
330 366 3
331 366 3
358 394 3
397 399 3
376 377 3
357 394 0
329 365 3
331 367 3
332 368 3
333 369 3
334 370 3
335 371 3
336 372 3
337 373 3
339 375 3
342 378 3
343 379 3
344 380 3
345 381 3
347 383 3
348 384 3
349 385 3
350 386 3
351 387 3
352 388 3
353 389 3
354 390 3
355 391 3
356 392 3
357 393 3
359 395 3
364 365 3
365 366 3
367 368 3
368 369 3
369 370 1
370 371 3
371 372 3
372 373 3
373 374 3
374 375 3
375 376 3
341 378 3
378 379 3
379 380 3
380 381 3
381 382 0
382 383 3
383 384 3
384 385 3
385 386 3
386 387 3
387 388 3
388 389 3
389 390 3
390 391 3
391 392 3
392 393 3
393 394 0
394 395 3
366 367 3
254 361 3
377 378 3
325 361 3
360 361 3
360 396 3
361 396 3
365 401 3
366 402 3
367 403 3
368 404 3
369 405 3
370 406 3
371 407 3
372 408 3
373 409 3
374 410 3
375 411 3
376 412 3
377 413 3
378 414 3
379 415 3
380 416 3
381 417 3
382 418 3
383 419 3
384 420 3
385 421 3
386 422 3
387 423 3
388 424 3
389 425 3
390 426 3
391 427 3
392 428 3
393 429 3
364 401 3
401 402 3
402 403 3
403 404 3
404 405 3
405 406 1
406 407 3
407 408 3
408 409 3
409 410 3
410 411 3
411 412 3
412 413 3
413 414 3
414 415 3
415 416 3
416 417 3
381 418 0
418 419 3
419 420 3
420 421 3
421 422 3
422 423 3
423 424 3
424 425 3
425 426 3
426 427 3
427 428 3
428 429 3
394 429 1
394 430 3
429 430 0
395 430 3
395 431 3
417 418 0
430 431 3
361 397 3
364 472 3
401 472 3
399 472 1
361 399 3
417 453 3
418 453 1
401 437 3
406 442 3
423 459 3
396 432 3
437 472 3
402 438 3
402 439 3
403 439 3
404 440 3
405 441 3
405 442 1
407 443 3
408 444 3
409 445 3
410 446 3
411 447 3
412 448 3
413 449 3
414 450 3
415 451 3
416 452 3
422 459 3
424 459 3
424 460 3
425 461 3
426 462 3
427 463 3
428 464 3
429 465 3
430 466 3
431 467 3
360 432 3
437 438 3
439 440 3
440 441 3
441 442 1
442 443 3
443 444 3
444 445 3
445 446 3
446 447 3
447 448 3
448 449 3
449 450 3
450 451 3
451 452 3
452 453 3
460 461 3
461 462 3
462 463 3
463 464 3
464 465 3
465 466 0
466 467 3
459 460 3
438 439 3
453 490 1
453 454 1
418 454 1
419 454 1
396 433 3
361 433 3
419 455 1
420 456 1
421 456 1
421 457 1
421 458 1
422 458 1
454 490 3
454 455 3
455 456 3
456 457 3
457 458 3
458 459 0
432 433 3
399 468 3
468 472 1
438 474 3
452 488 3
453 488 3
439 474 3
455 491 3
458 494 3
441 478 1
442 478 3
443 478 3
453 489 1
454 491 3
456 492 3
457 493 3
459 494 1
437 473 3
439 475 3
440 476 3
441 477 3
443 479 3
444 480 3
445 481 3
446 482 3
447 483 3
448 484 3
449 485 3
450 486 3
451 487 3
489 490 2
455 492 3
492 493 3
459 495 3
460 496 3
461 497 3
462 498 3
463 499 3
464 500 3
465 501 3
466 502 3
467 503 3
473 474 3
474 475 3
475 476 3
476 477 3
477 478 1
478 479 3
479 480 3
480 481 3
481 482 3
482 483 3
483 484 3
484 485 3
485 486 3
486 487 3
487 488 3
488 489 2
490 491 3
493 494 3
494 495 0
495 496 3
496 497 3
497 498 3
498 499 3
499 500 3
500 501 3
501 502 0
502 503 3
491 492 3
472 473 3
399 433 3
360 433 3
433 468 3
468 506 1
468 508 1
472 508 3
477 514 1
478 514 3
472 509 3
473 509 3
484 520 3
485 520 3
489 526 2
490 526 3
501 537 3
474 510 3
475 511 3
476 512 3
477 513 3
479 515 3
480 516 3
481 517 3
482 518 3
483 519 3
485 521 3
486 522 3
487 523 3
488 524 3
489 525 3
491 527 3
492 528 3
493 529 3
494 530 3
495 531 3
496 532 3
497 533 3
498 534 3
499 535 3
500 536 3
502 537 1
509 510 3
510 511 3
511 512 3
512 513 3
514 515 3
515 516 3
516 517 3
517 518 3
518 519 3
519 520 3
520 521 3
521 522 3
522 523 3
523 524 3
488 525 3
525 526 1
526 527 3
527 528 3
528 529 3
529 530 3
530 531 0
531 532 3
532 533 3
533 534 3
534 535 3
535 536 3
536 537 3
502 538 1
502 575 1
513 514 1
537 538 3
538 575 0
503 575 1
513 549 1
514 549 2
503 539 1
508 509 3
524 525 3
539 575 3
468 543 1
508 543 2
509 545 3
518 554 3
519 554 3
524 560 3
526 598 3
531 567 3
508 544 3
508 545 3
510 546 3
511 547 3
512 548 3
513 548 3
514 550 3
515 551 3
516 552 3
517 553 3
517 554 3
519 555 3
523 560 3
525 561 3
525 598 1
526 562 3
527 563 3
528 564 3
529 565 3
530 566 3
530 567 0
532 568 3
533 569 3
534 570 3
535 571 3
536 572 3
537 573 3
538 574 3
545 546 3
546 547 3
547 548 3
550 551 3
551 552 3
552 553 3
554 555 3
520 555 3
560 561 3
561 598 1
562 563 3
563 564 3
564 565 3
565 566 3
567 568 3
568 569 3
569 570 3
570 571 3
571 572 3
572 573 3
573 574 3
574 575 0
544 545 3
566 567 0
548 549 2
553 554 3
562 598 3
543 579 3
508 579 2
549 550 2
520 557 1
521 557 1
544 579 2
522 557 1
522 594 1
522 595 1
523 595 1
555 557 1
594 595 3
557 594 3
575 611 3
560 595 1
574 611 0
557 593 3
566 603 0
567 603 3
468 579 1
548 584 3
555 592 1
557 592 3
573 609 3
545 581 3
549 584 2
555 591 1
593 594 3
560 596 3
574 609 3
544 580 3
544 581 3
546 582 3
547 583 3
549 585 3
550 586 3
551 587 3
552 588 3
553 589 3
554 590 3
554 591 1
592 593 3
595 596 0
561 597 3
562 599 3
563 599 3
564 600 3
565 601 3
566 602 3
602 603 0
568 604 3
569 605 3
570 606 3
571 607 3
572 608 3
468 614 1
580 581 3
581 582 3
582 583 3
583 584 3
584 585 2
585 586 2
586 587 3
587 588 3
588 589 3
589 590 3
591 592 3
596 597 3
597 598 1
599 600 3
600 601 3
601 602 3
603 604 3
604 605 3
605 606 3
606 607 3
607 608 3
608 609 3
579 614 2
579 580 2
598 599 3
590 591 1
468 648 1
574 646 3
609 646 3
611 646 1
579 615 3
594 631 3
595 631 3
580 615 2
614 615 2
590 626 3
602 638 3
591 626 0
591 627 3
593 630 3
594 630 3
602 639 0
603 639 3
583 619 3
592 627 3
598 635 3
599 635 3
600 636 3
582 619 3
584 619 3
597 633 3
598 633 0
599 636 3
601 637 3
638 639 0
580 616 3
581 617 3
582 618 3
584 620 2
585 622 2
586 622 3
587 623 3
588 624 3
589 625 3
592 628 3
593 629 3
596 632 3
601 636 3
602 637 3
604 640 3
605 641 3
606 642 3
607 643 3
608 644 3
609 645 3
611 647 3
615 616 2
581 616 3
582 617 3
618 619 3
585 620 2
622 623 3
623 624 3
624 625 3
625 626 3
627 628 3
628 629 3
595 632 0
597 632 3
598 634 3
639 640 3
640 641 3
641 642 3
642 643 3
643 644 3
644 645 3
585 621 3
629 630 3
630 631 3
633 634 1
636 637 3
616 617 3
620 621 2
621 622 2
637 638 3
645 646 3
646 683 0
611 683 3
647 683 3
635 636 3
468 650 1
617 618 3
626 627 1
632 633 3
634 635 3
614 650 3
619 620 1
468 649 1
626 663 1
627 663 3
648 649 3
649 650 3
639 675 1
638 675 0
620 657 3
621 657 2
615 652 2
616 652 3
625 662 1
626 662 1
595 667 2
640 675 1
615 651 3
631 667 3
645 681 3
646 681 3
614 651 2
618 653 3
619 655 1
632 667 1
635 671 3
640 677 3
641 677 3
651 652 2
617 653 3
653 655 1
622 657 2
662 663 1
627 664 3
628 664 3
629 665 3
630 666 3
636 671 3
637 673 3
638 673 3
638 674 3
642 678 3
643 679 3
644 680 3
646 682 3
617 652 3
620 655 1
620 656 1
664 665 3
665 666 3
636 672 3
674 675 0
677 678 3
678 679 3
679 680 3
680 681 3
681 682 3
653 654 1
622 658 2
623 658 2
633 669 2
634 671 3
671 672 3
637 672 3
682 683 0
652 653 3
654 655 3
623 659 2
624 659 2
632 669 2
634 669 0
673 674 3
675 676 3
640 676 1
650 651 2
657 658 3
658 659 3
624 660 2
625 660 2
672 673 3
659 660 3
663 664 3
631 666 3
656 657 0
660 662 1
676 677 0
655 656 3
667 669 0
666 667 3
648 684 1
649 684 1
664 701 3
650 686 3
651 686 2
662 697 3
665 701 3
660 697 2
663 699 0
664 700 3
669 704 1
662 699 3
663 700 3
667 704 0
657 694 2
665 702 3
666 702 3
649 686 3
654 690 3
657 693 2
658 694 2
667 702 3
683 718 1
649 685 1
651 688 1
652 688 1
653 689 1
654 689 3
655 691 3
656 693 3
693 694 3
659 696 2
660 696 2
662 698 3
667 703 0
669 705 2
634 705 3
677 712 1
677 714 3
678 714 3
678 715 3
679 715 3
680 716 3
681 717 3
682 718 3
683 719 3
684 685 3
685 686 0
688 689 3
656 692 3
658 695 2
659 695 2
696 697 3
698 699 3
700 701 3
704 705 3
634 707 3
676 711 3
676 712 2
715 716 3
716 717 3
717 718 3
718 719 0
651 687 1
655 690 3
691 692 3
692 693 3
694 695 3
695 696 3
701 702 3
703 704 3
705 707 3
671 707 3
675 711 2
711 712 3
686 687 1
687 688 3
690 691 3
697 698 3
672 707 3
672 708 3
673 708 3
673 709 3
674 746 3
674 711 3
714 715 3
689 690 3
702 703 0
707 708 3
708 709 3
674 709 3
711 746 3
709 746 3
699 700 1
712 714 0
701 738 3
702 738 3
712 748 3
714 748 1
689 726 3
690 726 3
707 742 3
690 727 3
691 727 3
699 735 1
705 742 3
684 720 3
685 721 3
686 722 1
687 723 2
688 724 0
689 725 3
692 728 3
693 729 3
694 729 3
694 730 3
695 731 3
696 732 3
697 733 3
698 733 3
698 734 3
700 735 2
700 736 3
701 737 3
704 740 3
705 741 3
708 744 3
709 745 3
711 747 3
715 717 3
718 755 1
719 755 1
720 721 3
721 722 3
722 723 3
723 724 0
724 725 1
726 727 3
727 728 3
728 729 3
695 732 3
699 734 3
736 737 3
737 738 3
702 774 3
703 774 1
703 739 3
703 740 3
740 741 3
708 745 3
745 746 3
711 748 3
718 754 1
725 726 3
729 730 3
730 731 3
731 732 3
697 732 3
739 774 1
717 751 1
754 755 3
733 734 3
735 736 2
739 740 3
741 742 3
707 743 3
707 744 3
744 745 3
714 750 1
717 752 1
734 735 2
743 744 3
746 747 3
747 748 3
714 749 1
749 750 1
751 752 3
732 733 3
742 743 3
715 750 1
738 774 3
748 749 0
717 753 1
715 751 1
752 753 3
753 754 3
750 751 0
750 787 0
749 787 3
751 787 3
744 781 3
745 781 3
746 782 3
747 784 3
748 784 3
781 782 3
747 782 3
749 784 1
749 786 3
786 787 3
749 785 3
732 769 2
733 769 2
733 770 3
734 770 3
735 770 2
735 772 2
736 772 3
739 776 2
740 776 2
784 785 3
752 787 3
752 789 3
753 789 2
754 789 2
754 826 2
720 756 3
721 757 3
722 758 3
723 759 3
724 760 3
725 761 3
729 765 2
730 765 2
737 773 3
752 788 3
754 791 3
755 791 3
756 757 3
757 758 3
758 759 3
759 760 0
724 761 1
726 761 1
730 766 2
731 766 2
769 770 3
739 775 2
741 777 2
742 777 2
742 778 2
743 779 2
744 779 2
744 780 2
788 789 3
728 765 2
765 766 3
774 775 0
775 776 3
776 777 3
743 778 2
779 780 3
747 783 2
787 788 3
791 826 2
760 761 1
726 762 2
727 762 2
731 803 2
732 803 2
735 771 3
771 772 3
777 778 3
780 781 3
782 783 3
772 773 3
728 764 2
764 765 3
766 803 3
769 803 3
770 771 3
738 773 3
778 779 3
783 784 3
785 786 3
789 826 3
727 764 2
773 774 3
761 762 3
762 764 3
774 810 3
775 810 1
781 818 2
782 818 2
781 817 2
780 817 2
817 818 3
783 818 3
783 820 3
784 820 2
762 799 3
771 807 2
776 813 3
777 813 3
764 800 3
765 802 3
770 807 2
779 816 3
780 816 2
785 821 3
787 824 3
788 824 3
789 825 3
764 799 3
765 800 3
766 802 3
770 806 2
772 809 3
773 809 3
773 810 3
775 811 3
776 812 3
820 821 3
788 825 3
756 792 3
757 793 3
758 794 3
759 795 3
760 796 1
761 796 3
762 798 3
765 801 3
806 807 3
772 808 3
810 811 3
775 812 3
816 817 3
784 821 2
786 822 3
786 823 3
787 823 3
792 793 3
793 794 3
794 795 3
795 796 3
761 798 2
798 799 3
799 800 3
801 802 3
769 805 3
770 805 1
771 808 3
809 810 3
812 813 3
778 814 3
779 814 3
785 822 3
824 825 3
761 797 3
800 801 3
805 806 3
811 812 3
823 824 3
796 797 3
797 798 3
802 803 3
803 805 3
808 809 3
778 813 3
818 819 3
783 819 3
822 823 3
825 826 3
814 816 3
807 808 3
813 814 3
819 820 3
821 822 3
805 840 3
826 863 2
802 838 3
803 840 3
826 862 3
803 838 3
825 862 3
808 844 2
813 849 3
813 850 3
819 855 3
821 857 3
822 857 3
824 860 3
825 860 3
805 841 3
807 844 3
812 849 3
814 850 3
818 855 3
823 859 3
862 863 0
798 833 2
799 835 3
800 835 3
801 838 3
806 841 3
806 842 3
807 843 3
809 845 2
811 846 3
812 848 3
814 852 3
816 852 3
816 853 3
817 853 3
817 854 3
818 854 3
824 859 3
792 828 2
793 829 2
794 830 2
795 831 2
796 832 3
797 833 2
799 833 2
800 836 3
801 836 3
803 839 3
840 841 3
806 843 3
808 845 3
810 845 3
810 846 2
848 849 3
849 850 3
814 851 3
820 856 3
821 856 3
822 859 3
828 829 3
829 830 3
830 831 3
831 832 3
832 833 0
835 836 3
839 840 3
841 842 3
842 843 3
811 847 3
812 847 3
851 852 3
852 853 3
855 856 3
859 860 3
825 861 3
833 835 1
801 837 3
838 839 3
846 847 3
850 851 3
853 854 3
854 855 3
856 857 3
860 861 3
836 837 3
837 838 3
843 844 3
844 845 3
845 846 3
847 848 3
861 862 3
857 859 3
862 899 3
863 899 1
857 894 3
859 894 3
833 870 1
835 870 3
846 882 3
847 883 3
845 880 2
845 882 2
846 883 3
842 878 3
843 878 3
844 880 3
850 886 3
835 871 3
836 871 3
843 879 3
844 879 3
851 886 3
857 892 3
859 895 3
860 895 3
861 898 3
862 898 3
837 873 3
838 874 3
839 874 3
839 875 3
841 877 3
842 877 3
880 882 3
848 884 3
849 884 3
849 886 3
852 888 3
853 888 3
856 892 3
898 899 3
828 864 3
829 865 3
830 866 3
831 867 3
832 868 3
833 869 1
836 872 3
873 874 3
839 876 3
840 876 3
882 883 3
847 884 3
849 885 3
851 887 3
853 889 3
860 896 3
861 897 3
864 865 3
865 866 3
866 867 3
867 868 3
868 869 3
869 870 3
871 872 3
837 872 3
875 876 3
841 876 3
884 885 3
885 886 3
886 887 3
887 888 3
888 889 3
854 889 3
894 895 3
896 897 3
897 898 3
870 871 3
874 875 3
876 877 3
877 878 3
879 880 3
883 884 3
854 890 3
854 891 3
855 891 3
878 879 3
889 890 3
890 891 3
856 891 3
895 896 3
891 892 3
892 894 3
872 873 3
892 929 3
880 917 3
894 929 3
882 917 3
877 913 3
879 916 3
880 916 3
876 913 3
890 926 3
873 909 3
889 926 3
891 926 3
895 931 3
870 906 3
872 909 3
874 909 3
894 931 3
896 931 3
869 906 3
871 906 3
874 910 3
877 914 3
878 914 3
879 915 3
882 918 3
884 920 3
887 923 3
888 925 3
891 927 3
892 927 3
864 900 3
865 901 3
866 902 3
867 903 3
868 904 3
869 905 3
871 907 3
875 911 3
878 915 3
883 918 3
883 919 3
883 920 3
885 921 3
886 922 3
889 925 3
892 928 3
928 929 3
894 930 3
898 935 3
899 935 3
900 901 3
901 902 3
902 903 3
903 904 3
904 905 3
905 906 3
872 907 3
872 908 3
909 910 3
910 911 3
876 911 3
916 917 3
917 918 3
919 920 3
885 920 3
921 922 3
922 923 3
888 923 3
927 928 3
929 930 3
930 931 3
896 932 3
908 909 3
876 912 3
912 913 3
913 914 3
914 915 3
915 916 3
918 919 3
920 921 3
925 926 3
926 927 3
931 932 3
906 907 3
923 925 3
924 925 3
897 932 3
897 933 3
898 933 3
911 912 3
923 924 3
907 908 3
932 933 3
898 934 3
934 935 3
933 934 3
926 962 3
927 962 3
929 965 3
930 965 3
914 950 3
920 956 3
933 969 3
911 948 3
919 955 3
920 957 3
921 957 3
927 963 3
927 964 3
928 964 3
931 968 3
932 968 3
934 969 3
909 945 3
910 945 3
912 948 3
913 950 3
915 950 3
915 951 3
915 952 2
916 952 2
917 953 3
918 955 3
919 956 3
963 964 3
900 936 1
901 937 1
902 938 1
903 939 1
904 940 1
905 941 1
906 942 1
907 942 1
907 944 1
908 944 1
908 945 3
916 953 3
918 953 3
922 958 3
922 959 3
923 959 3
924 961 3
925 961 3
926 961 3
929 964 3
930 966 3
932 969 3
936 937 3
937 938 3
938 939 3
939 940 3
940 941 3
941 942 3
944 945 3
913 948 3
913 949 3
950 951 3
952 953 1
956 957 3
921 958 3
924 959 3
931 966 3
911 945 3
911 946 3
953 955 3
957 958 3
924 960 3
962 963 3
964 965 3
965 966 3
935 971 3
945 946 3
948 949 3
949 950 3
958 959 3
959 960 3
961 962 3
934 971 3
955 956 3
960 961 3
968 969 3
946 948 3
955 990 3
966 968 3
951 952 0
953 990 3
969 971 3
942 944 3
969 970 3
942 979 3
944 979 3
970 971 3
949 985 3
965 1001 3
944 981 3
945 981 3
948 985 3
952 988 1
966 1001 3
968 970 3
953 988 3
955 991 3
956 991 3
946 983 3
948 983 3
950 985 3
951 988 3
960 996 2
962 998 3
964 1000 3
945 982 3
950 986 3
950 987 3
951 987 3
959 995 2
960 995 2
961 996 2
961 998 3
965 1000 3
936 972 3
937 973 3
938 974 3
939 975 3
940 976 3
941 977 3
942 978 3
944 980 3
981 982 3
946 982 3
948 984 3
985 986 3
956 993 3
957 993 3
958 994 3
959 994 3
995 996 3
961 997 1
963 998 3
963 999 3
966 1002 3
971 1007 3
972 973 3
973 974 3
974 975 3
975 976 3
976 977 3
977 978 3
978 979 3
980 981 3
984 985 3
987 988 3
994 995 0
996 997 1
998 999 3
999 1000 3
1000 1001 3
1001 1002 3
966 1003 3
968 1003 3
970 1007 3
982 983 3
983 984 3
986 987 3
953 989 3
990 991 3
958 993 3
997 998 0
968 1004 3
979 980 3
988 989 3
970 1005 3
989 990 3
1002 1003 3
1003 1004 3
970 1004 3
1004 1005 3
991 1028 3
956 1028 3
993 994 3
970 1042 3
1005 1042 3
993 1028 3
1007 1042 3
985 1022 3
986 1022 3
987 1023 3
990 1026 3
991 1026 3
995 1031 1
986 1023 3
989 1026 3
994 1031 3
1001 1037 3
985 1021 3
995 1032 1
996 1032 1
998 1034 2
1002 1037 3
984 1021 3
1021 1022 3
1022 1023 3
987 1024 3
988 1024 3
989 1025 3
997 1032 3
997 1034 3
999 1034 2
1000 1037 3
972 1008 3
973 1009 3
974 1010 3
975 1011 3
976 1012 3
977 1013 3
978 1014 3
979 1015 3
980 1016 3
981 1017 3
982 1018 3
983 1019 3
984 1020 3
1024 1025 3
1025 1026 3
991 1027 3
993 1029 3
994 1030 3
997 1033 3
999 1035 3
1000 1036 3
1002 1038 3
1003 1039 3
1004 1040 3
1005 1041 3
1007 1043 3
1008 1009 3
1009 1010 3
1010 1011 3
1011 1012 3
1012 1013 3
1013 1014 3
1014 1015 3
1015 1016 3
1016 1017 3
1017 1018 3
1018 1019 3
1019 1020 3
1020 1021 3
1023 1024 3
1026 1027 3
1027 1028 3
1028 1029 3
1029 1030 3
1030 1031 3
1032 1033 3
1033 1034 3
1034 1035 3
1035 1036 3
1036 1037 3
1037 1038 3
1038 1039 3
1039 1040 3
1040 1041 3
1042 1043 3
1031 1032 3
1041 1042 3
