0 1 3
1 2 3
2 3 3
3 4 3
4 5 3
5 6 3
6 7 3
7 8 3
8 9 3
9 10 3
10 11 3
11 12 3
12 13 3
13 14 3
14 15 3
15 16 3
16 17 3
17 18 3
18 19 3
19 20 3
20 21 3
21 22 3
22 23 3
23 24 3
24 25 3
25 26 3
26 27 3
27 28 3
28 29 3
29 30 3
30 31 3
31 32 3
32 33 3
33 34 3
34 35 3
6 42 3
5 42 3
8 44 3
11 46 3
9 44 3
10 46 3
14 50 3
33 70 3
34 70 3
20 56 3
24 60 3
25 60 3
29 65 3
30 65 3
2 38 3
4 40 3
11 47 3
12 49 3
13 49 3
15 50 3
17 54 3
18 54 3
19 55 3
19 56 3
21 56 3
23 59 3
26 62 3
30 66 3
31 67 3
0 36 3
1 37 3
3 39 3
3 40 3
5 40 3
5 41 3
7 42 3
7 43 3
8 43 3
9 45 3
10 45 3
12 47 3
12 48 3
15 51 3
16 52 3
21 57 3
22 58 3
25 61 3
27 62 3
27 63 3
27 64 3
28 64 3
31 66 3
32 68 3
33 69 3
35 71 3
36 37 3
37 38 3
38 39 3
39 40 3
40 41 3
41 42 3
46 47 3
47 48 3
13 50 3
50 51 3
51 52 3
17 52 3
17 53 3
18 55 3
55 56 3
57 58 3
23 58 3
59 60 3
60 61 3
61 62 3
64 65 3
66 67 3
67 68 3
68 69 3
69 70 3
70 71 3
42 43 3
43 44 3
48 49 3
52 53 3
53 54 3
54 55 3
56 57 3
62 63 3
63 64 3
65 66 3
45 46 3
49 50 3
58 59 3
44 45 3
55 91 3
49 85 3
62 98 3
58 94 3
63 98 3
46 83 3
47 83 3
48 85 3
50 86 3
54 90 3
56 92 3
57 94 3
58 95 3
59 95 3
68 105 3
69 105 3
40 76 3
40 77 3
41 77 3
42 77 3
42 78 3
43 79 3
44 79 3
51 86 3
53 89 3
53 90 3
55 90 3
57 92 3
61 97 3
70 105 3
36 72 3
37 73 3
38 74 3
39 75 3
39 76 3
44 80 3
45 81 3
47 84 3
48 84 3
85 86 3
51 87 3
52 88 3
53 88 3
57 93 3
60 96 3
97 98 3
64 100 3
65 101 3
66 102 3
67 102 3
67 103 3
68 104 3
70 106 3
71 107 3
72 73 3
73 74 3
39 74 3
76 77 3
78 79 3
79 80 3
80 81 3
46 81 3
46 82 3
86 87 3
89 90 3
90 91 3
91 92 3
93 94 3
61 96 3
63 99 3
63 100 3
100 101 3
101 102 3
103 104 3
104 105 3
105 106 3
106 107 3
74 75 3
75 76 3
77 78 3
83 84 3
52 87 3
88 89 3
59 96 3
96 97 3
98 99 3
99 100 3
82 83 3
84 85 3
92 93 3
94 95 3
102 103 3
81 82 3
90 126 3
95 96 3
98 134 3
79 116 3
80 116 3
87 88 3
96 131 3
97 134 3
86 123 3
95 131 3
87 123 3
87 124 3
88 124 3
88 125 3
89 125 3
92 128 3
93 128 3
79 115 3
115 116 3
82 118 3
97 133 3
99 134 3
74 111 3
75 111 3
77 113 3
78 113 3
83 118 3
83 119 3
84 119 3
85 121 3
86 122 3
91 128 3
94 130 3
72 108 3
73 109 3
76 112 3
81 117 3
81 118 3
84 120 3
84 121 3
85 122 3
91 126 3
91 127 3
93 130 3
96 132 3
99 136 3
100 136 3
101 137 3
102 138 3
103 138 3
103 139 3
104 140 3
105 141 3
106 142 3
107 143 3
108 109 3
74 109 3
74 110 3
111 112 3
112 113 3
78 114 3
78 115 3
80 117 3
119 120 3
121 122 3
122 123 3
123 124 3
127 128 3
131 132 3
97 132 3
133 134 3
136 137 3
102 137 3
139 140 3
140 141 3
141 142 3
142 143 3
109 110 3
110 111 3
113 114 3
117 118 3
118 119 3
120 121 3
124 125 3
125 126 3
126 127 3
130 131 3
138 139 3
116 117 3
114 115 3
128 129 3
93 129 3
137 138 3
129 130 3
132 133 3
99 171 3
136 171 3
134 171 3
125 197 3
126 197 3
134 170 3
170 171 3
133 170 3
115 152 3
116 152 3
137 173 3
127 164 3
128 164 3
130 165 3
138 173 3
112 148 3
113 148 3
113 149 3
123 159 3
124 159 3
124 160 3
125 160 3
161 197 3
126 162 3
127 162 3
127 163 3
129 165 3
130 166 3
131 167 3
132 168 3
133 169 3
138 175 3
139 175 3
108 144 3
109 145 3
110 146 3
111 146 3
111 147 3
112 147 3
148 149 3
114 149 3
114 150 3
114 151 3
115 151 3
117 152 3
120 156 3
121 157 3
122 158 3
125 161 3
163 164 3
128 165 3
166 167 3
136 172 3
138 174 3
140 176 3
141 177 3
141 178 3
142 178 3
143 179 3
144 145 3
145 146 3
149 150 3
150 151 3
151 152 3
117 153 3
118 153 3
119 156 3
156 157 3
157 158 3
123 158 3
162 163 3
164 165 3
168 169 3
171 172 3
172 173 3
175 176 3
176 177 3
178 179 3
146 147 3
147 148 3
119 191 3
159 160 3
160 161 3
165 166 3
169 170 3
174 175 3
177 178 3
118 191 3
156 191 3
132 167 3
173 174 3
167 168 3
152 153 3
118 189 3
158 159 3
153 189 3
118 190 3
190 191 3
189 190 3
162 197 3
158 195 3
159 195 3
160 195 3
157 193 3
147 184 3
148 184 3
156 193 3
164 200 3
156 192 3
160 197 3
165 200 3
192 193 3
162 199 3
165 201 3
166 202 3
167 204 3
168 204 3
170 206 3
178 215 3
179 215 3
144 180 3
145 181 3
146 181 3
146 182 3
147 183 0
149 185 3
150 186 3
151 187 3
152 188 3
157 194 3
158 194 3
160 196 3
196 197 3
163 199 3
166 201 3
167 202 3
167 203 3
169 205 3
171 207 3
172 208 3
173 209 3
174 210 3
174 211 3
175 211 3
176 212 3
177 213 3
178 214 3
180 181 3
181 182 3
182 183 0
148 185 3
185 186 3
186 187 3
187 188 3
188 189 3
191 192 3
200 201 3
202 203 3
204 205 3
206 207 3
207 208 3
208 209 3
209 210 3
210 211 3
211 212 3
212 213 3
213 214 3
183 184 2
194 195 3
195 196 3
163 200 3
203 204 3
205 206 3
214 215 3
193 194 3
184 185 3
162 234 3
201 202 3
197 234 3
199 234 3
199 200 3
192 228 3
191 228 3
195 231 3
197 233 3
194 231 3
196 233 3
203 239 3
204 239 3
182 219 3
183 219 1
183 220 2
184 220 3
193 229 3
194 229 3
194 230 3
202 239 3
207 243 3
184 221 3
185 221 3
200 237 3
201 237 3
201 238 3
202 238 3
208 243 3
209 245 3
180 216 3
181 217 3
219 220 3
186 222 3
187 223 3
188 224 3
189 225 3
189 226 3
190 226 3
191 227 3
233 234 3
200 236 3
238 239 3
204 240 3
205 241 3
206 242 3
208 245 3
209 246 3
210 246 3
211 247 3
212 248 3
213 249 3
214 250 3
215 251 3
216 217 3
221 222 3
222 223 3
223 224 3
224 225 3
225 226 3
190 227 3
192 229 3
196 231 3
237 238 3
239 240 3
240 241 3
241 242 3
242 243 3
246 247 3
247 248 3
248 249 3
249 250 3
250 251 3
182 218 3
220 221 3
227 228 3
199 236 3
236 237 3
245 246 3
181 218 3
226 227 3
228 229 3
217 218 3
218 219 3
229 230 3
230 231 3
234 236 3
234 271 3
236 271 3
231 233 3
208 280 3
245 280 3
243 280 3
233 271 3
237 273 3
245 281 3
246 281 3
228 230 3
236 273 3
247 283 3
248 283 3
233 268 1
216 252 1
217 253 1
218 253 1
218 255 3
219 255 3
220 255 3
220 256 1
221 256 1
221 257 1
231 268 1
238 274 3
239 275 3
240 276 3
241 277 3
241 278 3
242 278 3
243 279 3
246 282 3
248 285 3
249 285 3
251 287 3
252 253 3
273 274 3
274 275 3
275 276 3
276 277 3
277 278 3
278 279 3
280 281 3
282 283 3
250 285 3
250 287 3
256 257 3
279 280 3
255 256 1
222 224 3
281 282 3
250 322 3
222 258 1
285 322 3
222 257 1
225 261 1
271 273 3
257 258 3
224 258 1
224 260 1
225 260 1
226 261 1
226 228 3
230 264 1
230 266 1
224 295 1
226 262 1
231 266 1
253 255 0
260 261 3
228 262 1
228 264 1
231 303 1
268 271 0
271 306 1
287 322 3
258 295 3
261 262 3
262 264 3
264 266 3
266 303 3
268 303 3
268 306 3
271 308 1
273 308 1
260 295 3
271 307 1
273 310 1
274 310 1
306 307 3
307 308 3
255 290 1
308 310 3
283 320 3
248 320 3
253 290 3
275 311 1
285 320 3
268 305 3
275 310 1
257 294 3
258 294 3
305 306 3
310 311 3
275 312 1
276 312 1
262 299 3
264 299 3
311 312 3
277 313 1
277 314 1
278 314 1
264 301 3
266 301 3
276 313 1
313 314 3
279 314 1
279 316 3
280 316 3
282 318 3
252 288 3
253 289 3
256 292 3
257 293 3
260 297 3
261 297 3
312 313 3
281 317 3
281 318 3
283 319 3
285 321 3
322 323 3
287 323 3
288 289 3
255 291 1
255 292 1
292 293 3
293 294 3
260 296 3
262 297 3
308 309 3
309 310 3
279 315 1
316 317 3
317 318 3
318 319 3
319 320 3
321 322 3
289 290 3
291 292 3
264 300 3
266 302 3
315 316 0
290 291 3
295 296 3
262 298 3
299 300 3
301 302 3
268 304 3
314 315 3
320 321 3
294 295 3
296 297 3
297 298 3
298 299 3
302 303 3
303 304 3
304 305 3
300 301 3
313 350 3
314 350 3
315 350 3
298 335 3
299 335 3
318 355 3
319 355 3
288 324 3
289 325 3
290 326 3
291 327 3
292 328 3
293 329 3
294 330 3
295 331 3
296 332 3
297 333 3
298 334 3
300 335 3
300 336 3
301 337 3
302 338 3
303 339 3
304 340 3
305 341 3
306 342 3
307 343 3
308 344 3
309 345 3
310 346 3
311 347 3
312 348 3
313 349 3
349 350 3
316 352 3
317 353 3
320 356 3
321 357 3
322 358 3
322 359 3
323 359 3
324 325 3
325 326 3
326 327 3
327 328 3
328 329 3
329 330 3
295 330 3
331 332 3
332 333 3
333 334 3
334 335 3
335 336 3
336 337 3
337 338 3
338 339 3
339 340 3
340 341 3
341 342 3
342 343 3
343 344 3
344 345 3
345 346 3
346 347 3
347 348 3
348 349 3
315 352 0
352 353 3
318 353 3
355 356 3
356 357 3
357 358 3
358 359 3
330 331 3
350 387 3
315 387 3
318 390 3
353 390 3
355 390 3
352 387 1
356 392 3
355 392 3
324 360 3
325 361 3
326 362 3
327 363 3
328 364 3
329 365 3
330 366 3
331 367 3
332 368 3
333 369 3
334 370 3
335 371 3
336 372 3
337 373 3
338 374 3
339 375 3
340 376 3
341 377 3
342 378 3
343 379 3
344 380 3
345 381 3
346 382 3
347 383 3
348 384 3
349 385 3
350 386 3
352 388 3
353 389 3
357 393 3
358 394 3
359 395 3
360 361 3
361 362 3
362 363 3
363 364 3
364 365 3
365 366 3
366 367 3
367 368 3
368 369 3
369 370 3
370 371 3
371 372 3
372 373 3
373 374 3
374 375 3
375 376 3
376 377 3
377 378 3
378 379 3
379 380 3
380 381 3
381 382 3
382 383 3
383 384 3
384 385 3
385 386 3
386 387 3
387 388 0
388 389 3
392 393 3
393 394 3
394 395 3
389 390 3
355 391 3
390 391 3
391 392 3
388 424 3
389 425 3
390 425 3
388 425 3
392 428 3
360 396 3
361 397 3
362 398 3
363 399 3
364 400 3
365 401 3
366 402 3
367 403 3
368 404 3
369 405 3
370 406 3
371 407 3
372 408 3
373 410 3
374 410 3
375 411 3
376 412 3
377 413 3
378 414 3
379 415 3
380 416 3
381 417 3
382 418 3
383 419 3
384 420 3
385 421 3
386 422 3
387 423 3
387 424 0
391 428 3
393 429 3
396 397 3
397 398 3
398 399 3
399 400 3
400 401 3
401 402 3
402 403 3
403 404 3
404 405 3
405 406 3
406 407 3
407 408 3
373 408 3
410 411 3
411 412 3
412 413 3
413 414 3
414 415 3
415 416 3
416 417 3
417 418 3
418 419 3
419 420 3
420 421 3
421 422 3
422 423 3
392 429 3
394 429 3
424 425 3
428 429 3
394 431 3
395 431 3
423 424 0
391 425 3
408 409 3
373 409 3
425 461 3
391 463 1
428 463 1
394 466 3
424 461 3
425 463 3
428 464 1
429 466 3
431 466 3
429 464 1
409 410 3
425 462 3
463 464 3
403 439 3
404 439 3
411 449 3
412 449 3
462 463 3
429 465 3
405 442 3
406 442 3
464 465 3
402 438 3
407 442 3
407 409 3
461 462 3
396 432 3
397 433 3
398 434 3
399 435 3
400 436 3
401 437 3
403 438 3
404 442 3
410 449 3
413 449 3
418 454 1
419 455 1
420 456 1
421 457 1
422 458 3
423 459 3
424 459 1
466 467 3
431 467 3
432 433 3
433 434 3
434 435 3
435 436 3
436 437 3
437 438 3
414 449 3
414 450 1
415 451 1
416 452 1
417 453 1
417 454 1
454 455 3
455 456 3
456 457 3
457 458 0
458 459 3
465 466 3
439 442 3
450 451 3
451 452 3
452 453 3
453 454 3
449 450 1
438 439 3
424 496 3
459 496 0
461 496 3
409 449 3
409 481 1
446 449 0
447 449 0
438 475 1
439 475 1
439 440 1
440 442 0
442 477 1
442 478 1
442 443 1
409 442 3
409 443 1
409 480 1
449 481 1
440 477 3
477 478 3
443 478 3
443 480 3
480 481 3
446 481 3
446 447 3
449 484 1
440 475 3
447 484 3
449 485 3
461 497 3
450 485 0
496 497 3
463 499 3
432 468 3
433 469 3
434 470 3
435 471 3
436 472 3
437 473 3
438 474 3
440 476 3
446 482 3
450 486 3
450 487 3
451 487 3
452 488 3
453 489 3
454 490 3
455 491 3
456 492 3
457 493 3
458 494 3
459 495 3
462 497 3
464 500 3
464 501 3
465 501 3
466 502 3
467 503 3
468 469 3
469 470 3
470 471 3
471 472 3
472 473 3
473 474 3
474 475 1
475 476 3
481 482 3
447 482 3
484 485 0
485 486 1
487 488 3
488 489 3
489 490 3
490 491 3
491 492 3
492 493 3
493 494 0
494 495 3
495 496 0
462 498 3
499 500 3
500 501 3
501 502 3
466 503 3
476 477 3
443 479 3
486 487 3
498 499 3
478 479 3
479 480 3
447 483 3
497 498 3
482 483 3
483 484 3
502 503 3
496 532 1
495 532 0
498 534 3
484 520 3
485 520 1
499 534 3
497 532 1
498 533 3
497 533 1
533 534 3
483 520 3
532 533 3
495 531 3
531 532 0
499 536 3
500 536 3
500 537 3
501 537 3
501 538 3
502 538 3
468 504 3
469 505 3
470 506 3
471 507 3
472 508 3
473 509 3
474 510 3
475 510 0
475 511 3
476 512 3
477 513 3
478 514 3
479 515 3
480 516 3
481 517 3
482 518 3
483 519 3
485 521 3
486 522 3
487 523 3
488 524 3
489 525 3
490 526 3
491 527 3
492 528 3
493 529 3
494 530 3
494 531 3
499 535 3
503 539 3
504 505 3
505 506 3
506 507 3
507 508 3
508 509 3
509 510 3
510 511 1
511 512 3
512 513 3
513 514 3
514 515 3
515 516 3
516 517 3
517 518 3
518 519 3
520 521 0
521 522 1
522 523 3
523 524 3
524 525 3
525 526 3
526 527 3
527 528 3
528 529 3
529 530 0
534 535 3
536 537 3
502 539 3
530 531 3
535 536 3
537 538 3
538 539 3
519 520 3
520 556 3
521 556 1
532 568 3
533 568 3
531 568 0
533 570 3
519 556 3
534 570 3
537 573 3
511 547 3
531 567 3
538 573 3
538 574 3
539 574 3
504 540 3
505 541 3
506 542 3
507 543 3
508 544 3
509 545 3
510 546 3
510 547 1
512 548 3
513 549 3
514 550 3
515 551 3
516 552 3
517 553 3
518 554 3
519 555 3
521 557 3
522 558 3
523 558 3
523 559 3
524 560 3
525 561 3
526 562 3
527 563 3
528 564 3
529 565 3
530 566 3
567 568 0
535 571 3
536 572 3
539 575 3
540 541 3
541 542 3
542 543 3
543 544 3
544 545 3
545 546 3
546 547 1
547 548 3
548 549 3
549 550 3
550 551 3
551 552 3
552 553 3
553 554 3
554 555 3
555 556 3
556 557 0
557 558 1
558 559 3
559 560 3
560 561 3
561 562 3
562 563 3
563 564 3
564 565 3
565 566 0
531 566 3
568 570 3
570 571 3
571 572 3
536 573 3
574 575 3
566 567 3
572 573 3
573 574 3
570 605 3
571 607 3
572 607 3
573 609 3
556 592 3
557 592 1
568 605 3
572 609 3
555 592 3
565 601 3
566 601 1
570 607 3
540 576 3
541 577 3
542 578 3
543 579 3
544 580 3
545 581 3
546 582 3
547 583 3
548 584 3
549 585 3
550 586 3
552 588 3
553 589 3
554 590 3
555 591 3
557 593 3
558 594 3
559 595 3
560 596 3
561 597 3
562 598 3
563 599 3
564 600 3
566 602 3
567 603 3
570 606 3
574 609 3
575 611 3
576 577 3
577 578 3
578 579 3
579 580 3
580 581 3
581 582 3
582 583 1
583 584 3
584 585 3
585 586 3
551 586 3
551 588 3
588 589 3
589 590 3
590 591 3
591 592 3
592 593 0
593 594 1
594 595 3
595 596 3
596 597 3
597 598 3
598 599 3
599 600 3
600 601 3
601 602 0
602 603 3
568 603 1
568 604 3
605 606 3
606 607 3
574 611 3
604 605 3
603 604 0
572 644 3
574 646 1
607 644 3
609 644 3
611 646 1
551 587 3
574 610 3
586 587 3
587 588 3
609 610 3
610 646 1
589 625 3
588 625 3
603 639 3
587 624 3
588 624 3
592 628 3
604 639 1
582 618 3
593 628 1
606 642 3
576 612 3
577 613 3
578 614 3
579 615 3
580 616 3
581 617 3
583 619 3
584 620 3
585 621 3
586 622 3
587 622 3
624 625 3
590 626 3
591 627 3
593 629 3
594 630 3
595 631 3
596 632 3
597 633 3
598 634 3
599 635 3
600 636 3
601 637 3
602 638 3
602 639 3
604 640 3
605 640 3
605 642 3
607 643 3
611 647 1
612 613 3
613 614 3
614 615 3
615 616 3
616 617 3
617 618 3
618 619 1
619 620 3
620 621 3
621 622 3
625 626 3
626 627 3
627 628 3
629 630 1
630 631 3
631 632 3
632 633 3
633 634 3
634 635 3
635 636 3
636 637 3
601 638 0
642 643 3
609 645 3
609 646 1
646 647 3
587 623 3
628 629 0
637 638 0
639 640 0
644 645 3
645 646 1
622 623 3
623 624 3
638 639 3
605 677 3
643 644 3
640 677 3
642 677 3
638 674 3
643 679 3
645 681 3
618 655 1
619 655 3
627 664 3
628 664 3
629 664 1
637 674 0
639 674 3
644 679 3
644 681 3
612 648 3
613 649 3
614 650 3
615 651 3
616 652 3
617 653 3
618 654 3
620 656 3
621 657 3
622 658 3
623 659 3
624 660 3
625 661 3
626 662 3
627 663 3
629 666 1
630 666 3
631 667 3
632 668 3
633 669 3
634 670 3
635 671 3
636 672 3
637 673 3
639 675 3
640 676 3
642 678 3
646 682 0
647 683 0
648 649 3
649 650 3
650 651 3
651 652 3
652 653 3
653 654 3
654 655 1
655 656 3
656 657 3
657 658 3
658 659 3
659 660 3
660 661 3
661 662 3
662 663 3
663 664 3
666 667 3
667 668 3
668 669 3
669 670 3
670 671 3
671 672 3
672 673 3
673 674 0
639 676 0
678 679 3
681 682 3
682 683 1
674 675 3
639 712 3
676 712 1
676 677 3
629 665 3
677 678 3
664 665 0
665 666 1
675 712 3
679 716 3
664 701 3
665 701 1
681 716 3
677 714 1
678 714 1
677 713 1
660 697 3
661 697 3
673 709 3
677 712 1
679 714 1
654 690 3
655 690 0
662 697 3
674 709 1
675 711 3
712 713 0
713 714 3
648 684 3
649 685 3
650 686 3
651 687 3
652 688 3
653 689 3
655 691 3
656 692 3
662 698 3
663 699 3
664 700 3
666 702 3
667 703 3
668 704 3
669 705 3
670 706 3
671 707 3
672 708 3
674 710 3
674 711 3
711 712 3
679 715 3
681 717 3
682 718 3
683 719 0
684 685 3
685 686 3
686 687 3
687 688 3
688 689 3
689 690 3
690 691 1
656 691 3
657 692 3
697 698 3
698 699 3
699 700 3
700 701 3
701 702 1
702 703 3
703 704 3
704 705 3
705 706 3
706 707 3
707 708 3
708 709 3
709 710 0
714 715 0
716 717 3
717 718 3
718 719 3
710 711 3
715 716 3
657 694 1
658 694 1
658 695 1
660 696 1
692 729 3
657 729 1
659 695 1
659 696 1
696 697 0
691 692 3
694 729 3
694 695 3
695 696 3
697 733 3
714 750 3
696 733 0
715 750 1
715 751 3
716 751 3
692 764 3
694 730 3
695 730 3
701 737 3
712 748 3
750 751 0
691 727 3
692 727 3
698 734 3
700 736 3
701 736 3
702 738 3
710 746 3
711 746 3
713 748 1
684 720 3
685 721 3
686 722 3
687 723 3
688 724 3
689 725 3
690 726 3
729 764 3
729 730 3
695 731 3
696 732 3
697 734 3
699 735 3
702 737 0
703 739 3
704 740 3
705 741 3
706 742 3
707 743 3
708 744 3
709 745 3
711 747 3
711 748 3
713 749 3
713 750 3
716 752 3
717 752 3
717 753 3
718 754 3
719 755 3
720 721 3
721 722 3
722 723 3
723 724 3
724 725 3
725 726 3
726 727 1
730 731 3
731 732 3
732 733 0
734 735 3
735 736 3
736 737 3
738 739 3
739 740 3
740 741 3
741 742 3
742 743 3
743 744 3
744 745 3
745 746 0
746 747 3
747 748 3
748 749 0
752 753 3
753 754 3
754 755 3
727 764 3
749 750 3
733 734 3
737 738 1
751 752 3
733 769 3
732 769 0
764 800 3
729 800 3
750 787 3
751 787 1
729 765 3
730 765 3
734 769 3
765 800 3
736 773 3
737 773 3
751 788 3
732 768 3
752 788 3
754 790 1
720 756 3
721 757 3
722 758 3
723 759 3
724 760 3
725 761 3
726 762 3
726 763 1
727 763 3
730 766 3
731 767 3
768 769 0
734 770 3
735 771 3
738 774 3
739 775 3
740 776 3
741 777 3
742 778 3
743 779 3
744 780 3
745 781 3
746 782 3
747 783 3
748 784 3
749 785 3
750 785 3
750 786 3
787 788 0
753 790 1
755 791 3
756 757 3
757 758 3
758 759 3
759 760 3
760 761 3
761 762 3
763 764 3
765 766 3
766 767 3
767 768 3
770 771 3
736 771 3
738 773 0
774 775 3
775 776 3
776 777 3
777 778 3
778 779 3
779 780 3
780 781 3
745 782 0
782 783 3
783 784 3
748 785 0
785 786 3
786 787 3
752 789 3
753 789 3
790 791 0
762 763 1
788 789 3
769 770 3
736 772 3
773 774 1
771 772 3
772 773 3
789 790 1
784 785 0
781 782 0
781 817 3
782 817 1
786 822 3
787 822 3
765 801 3
790 827 3
791 827 1
756 792 3
757 793 3
758 794 3
759 795 3
760 796 3
761 797 3
762 797 3
762 798 3
763 799 3
764 799 3
800 801 3
766 801 3
766 802 3
767 803 3
768 804 3
770 806 3
771 806 3
773 810 1
774 810 3
775 811 3
776 812 3
777 813 3
778 814 3
779 815 3
780 816 3
782 818 3
783 819 3
784 820 3
785 821 3
789 825 1
790 825 3
790 826 3
792 793 3
793 794 3
794 795 3
795 796 3
796 797 3
798 799 1
801 802 3
802 803 3
803 804 3
769 806 3
810 811 3
811 812 3
812 813 3
813 814 3
814 815 3
815 816 3
816 817 3
818 819 3
819 820 3
784 821 0
821 822 3
826 827 3
768 805 0
769 805 3
817 818 0
820 821 0
787 823 3
788 823 1
788 824 1
825 826 3
805 806 3
789 824 1
797 798 3
771 807 3
772 807 3
806 807 3
772 808 1
773 845 1
810 845 1
810 846 1
822 823 3
823 824 3
807 843 1
773 808 1
845 846 3
807 808 1
824 825 3
768 840 3
805 840 1
808 845 3
808 843 3
804 840 3
799 800 3
820 856 3
821 856 1
808 844 3
843 844 3
817 853 3
806 842 3
810 847 3
811 847 3
818 853 1
798 834 3
800 836 3
805 842 3
807 842 3
844 845 3
846 847 0
819 855 3
821 858 3
822 858 3
826 862 3
792 828 3
793 829 3
794 830 3
795 831 3
796 832 3
797 833 3
799 835 3
799 836 3
801 836 3
801 837 3
802 838 3
803 839 3
812 848 3
813 849 3
814 850 3
815 851 3
816 852 3
818 854 3
820 855 3
825 862 3
827 862 3
827 863 3
828 829 3
829 830 3
830 831 3
831 832 3
832 833 3
798 833 3
798 835 1
837 838 3
838 839 3
804 839 3
847 848 3
848 849 3
849 850 3
850 851 3
851 852 3
852 853 3
853 854 0
854 855 3
836 837 3
840 842 0
823 858 3
823 860 0
824 860 0
825 861 0
862 863 3
833 834 3
839 840 3
842 843 1
860 861 3
861 862 1
834 835 1
855 856 3
856 858 0
843 879 3
858 893 1
833 870 3
834 870 3
837 873 3
842 879 1
844 879 3
845 881 3
836 873 3
846 881 3
847 883 3
855 892 3
856 892 3
858 894 1
823 895 1
860 895 1
860 896 1
861 896 1
863 899 1
835 870 0
840 876 3
846 883 0
855 891 3
856 893 2
858 895 1
862 899 1
828 864 3
829 865 3
830 866 3
831 867 3
832 868 3
833 869 3
838 874 3
839 875 3
842 878 3
844 880 3
846 882 3
848 884 3
849 885 3
850 886 3
851 887 3
852 888 3
853 889 3
853 890 0
854 890 1
854 891 3
894 895 1
861 897 1
862 898 1
864 865 3
865 866 3
866 867 3
867 868 3
868 869 3
869 870 3
873 874 3
874 875 3
875 876 3
842 876 1
878 879 1
880 881 3
881 882 3
882 883 0
883 884 3
884 885 3
885 886 3
886 887 3
887 888 3
888 889 3
893 894 3
897 898 3
898 899 3
876 878 3
891 892 3
895 896 3
896 897 3
879 880 3
889 890 3
890 891 0
892 893 3
835 907 2
799 907 1
836 907 1
870 907 1
891 927 1
836 908 1
907 908 2
873 908 3
890 927 2
896 932 2
896 933 2
897 933 2
883 919 3
884 921 3
885 921 3
886 922 3
887 923 3
893 929 3
894 930 3
895 930 2
895 932 2
866 903 3
867 903 3
868 903 3
869 905 3
873 909 3
878 914 1
879 914 0
881 917 3
882 919 0
884 920 3
921 922 3
887 922 3
888 923 3
890 926 2
898 933 3
864 900 3
865 901 3
866 902 3
868 904 3
870 905 3
908 909 3
878 913 2
913 914 3
880 916 3
882 917 3
919 920 3
920 921 3
922 923 3
888 924 3
889 925 3
926 927 3
895 931 2
899 935 3
900 901 3
901 902 3
902 903 3
903 904 3
904 905 3
870 906 3
875 912 3
876 912 3
876 913 3
881 916 3
882 953 3
923 924 3
924 925 3
925 926 3
891 928 1
892 928 1
892 929 1
929 930 3
930 931 3
931 932 3
932 933 3
898 935 3
905 906 3
874 909 3
879 916 3
916 917 3
919 953 1
933 934 3
898 934 3
906 907 1
875 911 3
912 913 3
918 953 1
927 928 0
928 929 3
874 910 3
911 912 3
917 953 3
918 919 3
909 910 3
910 911 3
879 952 3
916 952 3
934 935 3
906 943 1
907 943 0
914 952 3
914 950 3
950 952 3
929 965 3
906 942 1
928 965 3
905 942 1
935 971 3
904 940 1
905 941 1
942 943 3
922 958 3
932 969 3
933 969 3
933 970 3
934 970 3
904 941 1
941 942 3
923 958 3
926 962 3
927 962 3
930 966 3
930 967 3
931 967 3
931 968 3
932 968 3
970 971 3
900 936 1
901 937 1
902 938 1
903 939 1
940 941 3
909 945 3
910 945 3
910 947 3
911 947 3
912 948 3
913 949 3
914 949 3
918 954 3
919 955 3
920 956 3
921 957 3
923 959 3
924 960 3
925 961 3
927 964 0
928 964 3
929 966 3
936 937 3
937 938 3
938 939 3
939 940 3
908 944 3
908 945 3
947 948 3
913 948 3
916 953 3
954 955 3
955 956 3
956 957 3
957 958 3
958 959 3
959 960 3
960 961 3
961 962 3
967 968 3
944 945 3
966 967 3
969 970 3
910 946 3
949 950 3
968 969 3
945 946 3
946 947 3
962 964 3
964 965 3
965 966 3
948 949 3
950 986 3
952 953 3
953 954 0
907 980 2
907 944 2
943 980 1
952 986 3
944 980 3
962 999 2
964 999 3
959 996 2
960 996 2
954 990 2
958 995 2
959 995 2
961 996 2
962 998 2
953 989 3
953 990 0
955 991 2
957 994 2
958 994 2
995 996 3
961 998 2
998 999 3
949 986 3
989 990 3
954 991 2
956 991 2
994 995 3
966 1002 3
969 1005 3
970 1005 3
952 988 3
961 997 2
965 1001 3
968 1005 3
936 972 3
937 973 3
938 974 3
939 975 3
940 976 3
941 977 3
942 978 3
947 983 3
986 988 3
990 991 3
956 992 2
957 993 2
996 997 3
964 1001 3
966 1001 3
967 1003 3
967 1004 3
968 1004 3
970 1006 3
971 1007 3
972 973 3
973 974 3
974 975 3
975 976 3
976 977 3
941 978 3
943 978 3
943 979 3
979 980 3
946 983 3
948 985 3
949 985 3
991 992 3
992 993 3
993 994 3
999 1000 3
964 1000 3
1002 1003 3
1004 1005 3
971 1006 3
977 978 3
945 980 3
945 981 3
948 984 3
985 986 3
1006 1007 3
980 981 3
947 984 3
984 985 3
1000 1001 3
1001 1002 3
946 981 3
983 984 3
952 989 3
997 998 3
1003 1004 3
1005 1006 3
988 989 3
978 979 3
946 1018 3
981 1018 3
983 1018 3
986 1022 3
983 1019 3
984 1020 3
985 1022 3
986 1023 3
988 1023 3
980 1016 3
1018 1019 3
984 1019 3
985 1020 3
1022 1023 3
991 1027 3
995 1031 3
996 1031 3
981 1017 3
1019 1020 3
990 1027 3
992 1027 3
993 1030 3
994 1030 3
998 1034 3
999 1034 3
999 1035 3
1000 1035 3
1001 1037 3
1005 1042 3
1006 1042 3
1017 1018 3
985 1021 3
988 1024 3
993 1029 3
996 1032 3
997 1034 3
1000 1037 3
977 1013 3
978 1014 3
979 1014 3
979 1016 3
980 1017 3
1021 1022 3
1023 1024 3
989 1025 3
992 1029 3
995 1030 3
997 1032 3
997 1033 3
1003 1039 3
972 1008 3
973 1009 3
974 1010 3
975 1011 3
976 1012 3
978 1013 3
979 1015 3
1016 1017 3
988 1025 3
990 1025 2
990 1026 3
1029 1030 3
1032 1033 3
1002 1038 3
1002 1039 3
1004 1039 3
1004 1040 3
1005 1040 3
1005 1041 3
1007 1043 3
1008 1009 3
1009 1010 3
1010 1011 3
1011 1012 3
1012 1013 3
1014 1015 3
1020 1021 3
1024 1025 3
1026 1027 3
1030 1031 3
1031 1032 3
1034 1035 3
1037 1038 3
1038 1039 3
1040 1041 3
1041 1042 3
1007 1042 3
1033 1034 3
1039 1040 3
1042 1043 3
1013 1014 3
1015 1016 3
1025 1026 3
1035 1037 3
